/*--------------------------------*- C++ -*----------------------------------*\
| =========                 |                                                 |
| \\      /  F ield         | OpenFOAM: The Open Source CFD Toolbox           |
|  \\    /   O peration     | Version:  2106                                  |
|   \\  /    A nd           | Website:  www.openfoam.com                      |
|    \\/     M anipulation  |                                                 |
\*---------------------------------------------------------------------------*/
FoamFile
{
    version     2.0;
    format      ascii;
    arch        "LSB;label=32;scalar=64";
    note        "nPoints:8160  nCells:6400  nFaces:20928  nInternalFaces:17472";
    class       labelList;
    location    "constant/cladding/polyMesh";
    object      neighbour;
}
// * * * * * * * * * * * * * * * * * * * * * * * * * * * * * * * * * * * * * //


17472
(
1
2
3
4
5
6
7
8
6
9
10
11
7
10
12
8
11
13
14
15
16
17
15
18
19
20
16
19
21
17
20
22
18
23
24
25
19
24
26
20
25
27
21
26
28
22
27
29
30
31
32
33
31
34
35
36
32
35
37
33
36
38
34
39
40
41
35
40
42
36
41
43
37
42
44
38
43
45
39
46
47
40
46
48
41
47
49
42
48
50
43
49
51
44
50
52
45
51
53
54
55
56
57
55
58
59
60
56
59
61
57
60
62
58
63
64
65
59
64
66
60
65
67
61
66
68
62
67
69
63
70
71
64
70
72
65
71
73
66
72
74
67
73
75
68
74
76
69
75
77
70
78
71
79
72
78
80
73
79
81
74
80
82
75
81
83
76
82
84
77
83
85
86
87
88
89
87
90
91
92
88
91
93
89
92
94
90
95
96
97
91
96
98
92
97
99
93
98
100
94
99
101
95
102
103
96
102
104
97
103
105
98
104
106
99
105
107
100
106
108
101
107
109
102
110
103
111
104
110
112
105
111
113
106
112
114
107
113
115
108
114
116
109
115
117
110
118
111
119
112
118
120
113
119
121
114
120
122
115
121
123
116
122
124
117
123
125
126
127
128
129
127
130
131
132
128
131
133
129
132
134
130
135
136
137
131
136
138
132
137
139
133
138
140
134
139
141
135
142
143
136
142
144
137
143
145
138
144
146
139
145
147
140
146
148
141
147
149
142
150
143
151
144
150
152
145
151
153
146
152
154
147
153
155
148
154
156
149
155
157
150
158
151
159
152
158
160
153
159
161
154
160
162
155
161
163
156
162
164
157
163
165
158
166
159
167
160
166
168
161
167
169
162
168
170
163
169
171
164
170
172
165
171
173
174
175
176
177
175
178
179
180
176
179
181
177
180
182
178
183
184
185
179
184
186
180
185
187
181
186
188
182
187
189
183
190
191
184
190
192
185
191
193
186
192
194
187
193
195
188
194
196
189
195
197
190
198
191
199
192
198
200
193
199
201
194
200
202
195
201
203
196
202
204
197
203
205
198
206
199
207
200
206
208
201
207
209
202
208
210
203
209
211
204
210
212
205
211
213
206
214
207
215
208
214
216
209
215
217
210
216
218
211
217
219
212
218
220
213
219
221
214
222
215
223
216
222
224
217
223
225
218
224
226
219
225
227
220
226
228
221
227
229
230
231
232
233
231
234
235
236
232
235
237
233
236
238
234
239
240
241
235
240
242
236
241
243
237
242
244
238
243
245
239
246
247
240
246
248
241
247
249
242
248
250
243
249
251
244
250
252
245
251
253
246
254
247
255
248
254
256
249
255
257
250
256
258
251
257
259
252
258
260
253
259
261
254
262
255
263
256
262
264
257
263
265
258
264
266
259
265
267
260
266
268
261
267
269
262
270
263
271
264
270
272
265
271
273
266
272
274
267
273
275
268
274
276
269
275
277
270
278
271
279
272
278
280
273
279
281
274
280
282
275
281
283
276
282
284
277
283
285
278
286
279
287
280
286
288
281
287
289
282
288
290
283
289
291
284
290
292
285
291
293
294
295
296
297
295
298
299
300
296
299
301
297
300
302
298
303
304
305
299
304
306
300
305
307
301
306
308
302
307
309
303
310
311
304
310
312
305
311
313
306
312
314
307
313
315
308
314
316
309
315
317
310
318
311
319
312
318
320
313
319
321
314
320
322
315
321
323
316
322
324
317
323
325
318
326
319
327
320
326
328
321
327
329
322
328
330
323
329
331
324
330
332
325
331
333
326
334
327
335
328
334
336
329
335
337
330
336
338
331
337
339
332
338
340
333
339
341
334
342
335
343
336
342
344
337
343
345
338
344
346
339
345
347
340
346
348
341
347
349
342
350
343
351
344
350
352
345
351
353
346
352
354
347
353
355
348
354
356
349
355
357
350
358
351
359
352
358
360
353
359
361
354
360
362
355
361
363
356
362
364
357
363
365
366
367
368
369
367
370
371
372
368
371
373
369
372
374
370
375
376
377
371
376
378
372
377
379
373
378
380
374
379
381
375
382
383
376
382
384
377
383
385
378
384
386
379
385
387
380
386
388
381
387
389
382
390
383
391
384
390
392
385
391
393
386
392
394
387
393
395
388
394
396
389
395
397
390
398
391
399
392
398
400
393
399
401
394
400
402
395
401
403
396
402
404
397
403
405
398
406
399
407
400
406
408
401
407
409
402
408
410
403
409
411
404
410
412
405
411
413
406
414
407
415
408
414
416
409
415
417
410
416
418
411
417
419
412
418
420
413
419
421
414
422
415
423
416
422
424
417
423
425
418
424
426
419
425
427
420
426
428
421
427
429
422
430
423
431
424
430
432
425
431
433
426
432
434
427
433
435
428
434
436
429
435
437
430
438
431
439
432
438
440
433
439
441
434
440
442
435
441
443
436
442
444
437
443
445
446
447
448
449
447
450
451
452
448
451
453
449
452
454
450
455
456
457
451
456
458
452
457
459
453
458
460
454
459
461
455
462
463
456
462
464
457
463
465
458
464
466
459
465
467
460
466
468
461
467
469
462
470
463
471
464
470
472
465
471
473
466
472
474
467
473
475
468
474
476
469
475
477
470
478
471
479
472
478
480
473
479
481
474
480
482
475
481
483
476
482
484
477
483
485
478
486
479
487
480
486
488
481
487
489
482
488
490
483
489
491
484
490
492
485
491
493
486
494
487
495
488
494
496
489
495
497
490
496
498
491
497
499
492
498
500
493
499
501
494
502
495
503
496
502
504
497
503
505
498
504
506
499
505
507
500
506
508
501
507
509
502
510
503
511
504
510
512
505
511
513
506
512
514
507
513
515
508
514
516
509
515
517
510
518
511
519
512
518
520
513
519
521
514
520
522
515
521
523
516
522
524
517
523
525
518
526
519
527
520
526
528
521
527
529
522
528
530
523
529
531
524
530
532
525
531
533
534
535
536
537
535
538
539
540
536
539
541
537
540
542
538
543
544
545
539
544
546
540
545
547
541
546
548
542
547
549
543
550
551
544
550
552
545
551
553
546
552
554
547
553
555
548
554
556
549
555
557
550
558
551
559
552
558
560
553
559
561
554
560
562
555
561
563
556
562
564
557
563
565
558
566
559
567
560
566
568
561
567
569
562
568
570
563
569
571
564
570
572
565
571
573
566
574
567
575
568
574
576
569
575
577
570
576
578
571
577
579
572
578
580
573
579
581
574
582
575
583
576
582
584
577
583
585
578
584
586
579
585
587
580
586
588
581
587
589
582
590
583
591
584
590
592
585
591
593
586
592
594
587
593
595
588
594
596
589
595
597
590
598
591
599
592
598
600
593
599
601
594
600
602
595
601
603
596
602
604
597
603
605
598
606
599
607
600
606
608
601
607
609
602
608
610
603
609
611
604
610
612
605
611
613
606
614
607
615
608
614
616
609
615
617
610
616
618
611
617
619
612
618
620
613
619
621
614
622
615
623
616
622
624
617
623
625
618
624
626
619
625
627
620
626
628
621
627
629
630
631
632
633
631
634
635
636
632
635
637
633
636
638
634
639
640
641
635
640
642
636
641
643
637
642
644
638
643
645
639
646
647
640
646
648
641
647
649
642
648
650
643
649
651
644
650
652
645
651
653
646
654
647
655
648
654
656
649
655
657
650
656
658
651
657
659
652
658
660
653
659
661
654
662
655
663
656
662
664
657
663
665
658
664
666
659
665
667
660
666
668
661
667
669
662
670
663
671
664
670
672
665
671
673
666
672
674
667
673
675
668
674
676
669
675
677
670
678
671
679
672
678
680
673
679
681
674
680
682
675
681
683
676
682
684
677
683
685
678
686
679
687
680
686
688
681
687
689
682
688
690
683
689
691
684
690
692
685
691
693
686
694
687
695
688
694
696
689
695
697
690
696
698
691
697
699
692
698
700
693
699
701
694
702
695
703
696
702
704
697
703
705
698
704
706
699
705
707
700
706
708
701
707
709
702
710
703
711
704
710
712
705
711
713
706
712
714
707
713
715
708
714
716
709
715
717
710
718
711
719
712
718
720
713
719
721
714
720
722
715
721
723
716
722
724
717
723
725
718
726
719
727
720
726
728
721
727
729
722
728
730
723
729
731
724
730
732
725
731
733
734
735
736
737
735
738
739
740
736
739
741
737
740
742
738
743
744
745
739
744
746
740
745
747
741
746
748
742
747
749
743
750
751
744
750
752
745
751
753
746
752
754
747
753
755
748
754
756
749
755
757
750
758
751
759
752
758
760
753
759
761
754
760
762
755
761
763
756
762
764
757
763
765
758
766
759
767
760
766
768
761
767
769
762
768
770
763
769
771
764
770
772
765
771
773
766
774
767
775
768
774
776
769
775
777
770
776
778
771
777
779
772
778
780
773
779
781
774
782
775
783
776
782
784
777
783
785
778
784
786
779
785
787
780
786
788
781
787
789
782
790
783
791
784
790
792
785
791
793
786
792
794
787
793
795
788
794
796
789
795
797
790
798
791
799
792
798
800
793
799
801
794
800
802
795
801
803
796
802
804
797
803
805
798
806
799
807
800
806
808
801
807
809
802
808
810
803
809
811
804
810
812
805
811
813
806
814
807
815
808
814
816
809
815
817
810
816
818
811
817
819
812
818
820
813
819
821
814
822
815
823
816
822
824
817
823
825
818
824
826
819
825
827
820
826
828
821
827
829
822
830
823
831
824
830
832
825
831
833
826
832
834
827
833
835
828
834
836
829
835
837
830
838
831
839
832
838
840
833
839
841
834
840
842
835
841
843
836
842
844
837
843
845
846
847
848
849
847
850
851
852
848
851
853
849
852
854
850
855
856
857
851
856
858
852
857
859
853
858
860
854
859
861
855
862
863
856
862
864
857
863
865
858
864
866
859
865
867
860
866
868
861
867
869
862
870
863
871
864
870
872
865
871
873
866
872
874
867
873
875
868
874
876
869
875
877
870
878
871
879
872
878
880
873
879
881
874
880
882
875
881
883
876
882
884
877
883
885
878
886
879
887
880
886
888
881
887
889
882
888
890
883
889
891
884
890
892
885
891
893
886
894
887
895
888
894
896
889
895
897
890
896
898
891
897
899
892
898
900
893
899
901
894
902
895
903
896
902
904
897
903
905
898
904
906
899
905
907
900
906
908
901
907
909
902
910
903
911
904
910
912
905
911
913
906
912
914
907
913
915
908
914
916
909
915
917
910
918
911
919
912
918
920
913
919
921
914
920
922
915
921
923
916
922
924
917
923
925
918
926
919
927
920
926
928
921
927
929
922
928
930
923
929
931
924
930
932
925
931
933
926
934
927
935
928
934
936
929
935
937
930
936
938
931
937
939
932
938
940
933
939
941
934
942
935
943
936
942
944
937
943
945
938
944
946
939
945
947
940
946
948
941
947
949
942
950
943
951
944
950
952
945
951
953
946
952
954
947
953
955
948
954
956
949
955
957
950
958
951
959
952
958
960
953
959
961
954
960
962
955
961
963
956
962
964
957
963
964
965
966
967
968
966
969
970
971
967
970
972
968
971
973
969
974
975
976
970
975
977
971
976
978
972
977
979
973
978
980
974
981
982
975
981
983
976
982
984
977
983
985
978
984
986
979
985
987
980
986
988
981
989
982
990
983
989
991
984
990
992
985
991
993
986
992
994
987
993
995
988
994
996
989
997
990
998
991
997
999
992
998
1000
993
999
1001
994
1000
1002
995
1001
1003
996
1002
1004
997
1005
998
1006
999
1005
1007
1000
1006
1008
1001
1007
1009
1002
1008
1010
1003
1009
1011
1004
1010
1012
1005
1013
1006
1014
1007
1013
1015
1008
1014
1016
1009
1015
1017
1010
1016
1018
1011
1017
1019
1012
1018
1020
1013
1021
1014
1022
1015
1021
1023
1016
1022
1024
1017
1023
1025
1018
1024
1026
1019
1025
1027
1020
1026
1028
1021
1029
1022
1030
1023
1029
1031
1024
1030
1032
1025
1031
1033
1026
1032
1034
1027
1033
1035
1028
1034
1036
1029
1037
1030
1038
1031
1037
1039
1032
1038
1040
1033
1039
1041
1034
1040
1042
1035
1041
1043
1036
1042
1044
1037
1045
1038
1046
1039
1045
1047
1040
1046
1048
1041
1047
1049
1042
1048
1050
1043
1049
1051
1044
1050
1052
1045
1053
1046
1054
1047
1053
1055
1048
1054
1056
1049
1055
1057
1050
1056
1058
1051
1057
1059
1052
1058
1060
1053
1061
1054
1062
1055
1061
1063
1056
1062
1064
1057
1063
1065
1058
1064
1066
1059
1065
1067
1060
1066
1068
1061
1069
1062
1070
1063
1069
1071
1064
1070
1072
1065
1071
1073
1066
1072
1074
1067
1073
1075
1068
1074
1076
1069
1077
1070
1078
1071
1077
1079
1072
1078
1080
1073
1079
1081
1074
1080
1082
1075
1081
1083
1076
1082
1083
1077
1084
1078
1085
1079
1084
1086
1080
1085
1087
1081
1086
1088
1082
1087
1088
1083
1088
1089
1090
1091
1092
1090
1093
1094
1095
1091
1094
1096
1092
1095
1097
1093
1098
1099
1100
1094
1099
1101
1095
1100
1102
1096
1101
1103
1097
1102
1104
1098
1105
1106
1099
1105
1107
1100
1106
1108
1101
1107
1109
1102
1108
1110
1103
1109
1111
1104
1110
1112
1105
1113
1106
1114
1107
1113
1115
1108
1114
1116
1109
1115
1117
1110
1116
1118
1111
1117
1119
1112
1118
1120
1113
1121
1114
1122
1115
1121
1123
1116
1122
1124
1117
1123
1125
1118
1124
1126
1119
1125
1127
1120
1126
1128
1121
1129
1122
1130
1123
1129
1131
1124
1130
1132
1125
1131
1133
1126
1132
1134
1127
1133
1135
1128
1134
1136
1129
1137
1130
1138
1131
1137
1139
1132
1138
1140
1133
1139
1141
1134
1140
1142
1135
1141
1143
1136
1142
1144
1137
1145
1138
1146
1139
1145
1147
1140
1146
1148
1141
1147
1149
1142
1148
1150
1143
1149
1151
1144
1150
1152
1145
1153
1146
1154
1147
1153
1155
1148
1154
1156
1149
1155
1157
1150
1156
1158
1151
1157
1159
1152
1158
1160
1153
1161
1154
1162
1155
1161
1163
1156
1162
1164
1157
1163
1165
1158
1164
1166
1159
1165
1167
1160
1166
1168
1161
1169
1162
1170
1163
1169
1171
1164
1170
1172
1165
1171
1173
1166
1172
1174
1167
1173
1175
1168
1174
1176
1169
1177
1170
1178
1171
1177
1179
1172
1178
1180
1173
1179
1181
1174
1180
1182
1175
1181
1183
1176
1182
1184
1177
1185
1178
1186
1179
1185
1187
1180
1186
1188
1181
1187
1189
1182
1188
1190
1183
1189
1191
1184
1190
1192
1185
1193
1186
1194
1187
1193
1195
1188
1194
1196
1189
1195
1197
1190
1196
1198
1191
1197
1199
1192
1198
1200
1193
1201
1194
1202
1195
1201
1203
1196
1202
1204
1197
1203
1205
1198
1204
1206
1199
1205
1207
1200
1206
1207
1201
1208
1202
1209
1203
1208
1210
1204
1209
1211
1205
1210
1212
1206
1211
1212
1207
1212
1208
1213
1209
1214
1210
1213
1215
1211
1214
1215
1212
1215
1216
1217
1218
1219
1217
1220
1221
1222
1218
1221
1223
1219
1222
1224
1220
1225
1226
1227
1221
1226
1228
1222
1227
1229
1223
1228
1230
1224
1229
1231
1225
1232
1233
1226
1232
1234
1227
1233
1235
1228
1234
1236
1229
1235
1237
1230
1236
1238
1231
1237
1239
1232
1240
1233
1241
1234
1240
1242
1235
1241
1243
1236
1242
1244
1237
1243
1245
1238
1244
1246
1239
1245
1247
1240
1248
1241
1249
1242
1248
1250
1243
1249
1251
1244
1250
1252
1245
1251
1253
1246
1252
1254
1247
1253
1255
1248
1256
1249
1257
1250
1256
1258
1251
1257
1259
1252
1258
1260
1253
1259
1261
1254
1260
1262
1255
1261
1263
1256
1264
1257
1265
1258
1264
1266
1259
1265
1267
1260
1266
1268
1261
1267
1269
1262
1268
1270
1263
1269
1271
1264
1272
1265
1273
1266
1272
1274
1267
1273
1275
1268
1274
1276
1269
1275
1277
1270
1276
1278
1271
1277
1279
1272
1280
1273
1281
1274
1280
1282
1275
1281
1283
1276
1282
1284
1277
1283
1285
1278
1284
1286
1279
1285
1287
1280
1288
1281
1289
1282
1288
1290
1283
1289
1291
1284
1290
1292
1285
1291
1293
1286
1292
1294
1287
1293
1295
1288
1296
1289
1297
1290
1296
1298
1291
1297
1299
1292
1298
1300
1293
1299
1301
1294
1300
1302
1295
1301
1303
1296
1304
1297
1305
1298
1304
1306
1299
1305
1307
1300
1306
1308
1301
1307
1309
1302
1308
1310
1303
1309
1311
1304
1312
1305
1313
1306
1312
1314
1307
1313
1315
1308
1314
1316
1309
1315
1317
1310
1316
1318
1311
1317
1319
1312
1320
1313
1321
1314
1320
1322
1315
1321
1323
1316
1322
1324
1317
1323
1325
1318
1324
1326
1319
1325
1327
1320
1328
1321
1329
1322
1328
1330
1323
1329
1331
1324
1330
1332
1325
1331
1333
1326
1332
1334
1327
1333
1334
1328
1335
1329
1336
1330
1335
1337
1331
1336
1338
1332
1337
1339
1333
1338
1339
1334
1339
1335
1340
1336
1341
1337
1340
1342
1338
1341
1342
1339
1342
1340
1343
1341
1343
1342
1343
1344
1345
1346
1347
1345
1348
1349
1350
1346
1349
1351
1347
1350
1352
1348
1353
1354
1355
1349
1354
1356
1350
1355
1357
1351
1356
1358
1352
1357
1359
1353
1360
1361
1354
1360
1362
1355
1361
1363
1356
1362
1364
1357
1363
1365
1358
1364
1366
1359
1365
1367
1360
1368
1361
1369
1362
1368
1370
1363
1369
1371
1364
1370
1372
1365
1371
1373
1366
1372
1374
1367
1373
1375
1368
1376
1369
1377
1370
1376
1378
1371
1377
1379
1372
1378
1380
1373
1379
1381
1374
1380
1382
1375
1381
1383
1376
1384
1377
1385
1378
1384
1386
1379
1385
1387
1380
1386
1388
1381
1387
1389
1382
1388
1390
1383
1389
1391
1384
1392
1385
1393
1386
1392
1394
1387
1393
1395
1388
1394
1396
1389
1395
1397
1390
1396
1398
1391
1397
1399
1392
1400
1393
1401
1394
1400
1402
1395
1401
1403
1396
1402
1404
1397
1403
1405
1398
1404
1406
1399
1405
1407
1400
1408
1401
1409
1402
1408
1410
1403
1409
1411
1404
1410
1412
1405
1411
1413
1406
1412
1414
1407
1413
1415
1408
1416
1409
1417
1410
1416
1418
1411
1417
1419
1412
1418
1420
1413
1419
1421
1414
1420
1422
1415
1421
1423
1416
1424
1417
1425
1418
1424
1426
1419
1425
1427
1420
1426
1428
1421
1427
1429
1422
1428
1430
1423
1429
1431
1424
1432
1425
1433
1426
1432
1434
1427
1433
1435
1428
1434
1436
1429
1435
1437
1430
1436
1438
1431
1437
1439
1432
1440
1433
1441
1434
1440
1442
1435
1441
1443
1436
1442
1444
1437
1443
1445
1438
1444
1446
1439
1445
1447
1440
1448
1441
1449
1442
1448
1450
1443
1449
1451
1444
1450
1452
1445
1451
1453
1446
1452
1454
1447
1453
1455
1448
1456
1449
1457
1450
1456
1458
1451
1457
1459
1452
1458
1460
1453
1459
1461
1454
1460
1462
1455
1461
1462
1456
1463
1457
1464
1458
1463
1465
1459
1464
1466
1460
1465
1467
1461
1466
1467
1462
1467
1463
1468
1464
1469
1465
1468
1470
1466
1469
1470
1467
1470
1468
1471
1469
1471
1470
1471
1471
1472
1473
1474
1475
1473
1476
1477
1478
1474
1477
1479
1475
1478
1480
1476
1481
1482
1483
1477
1482
1484
1478
1483
1485
1479
1484
1486
1480
1485
1487
1481
1488
1489
1482
1488
1490
1483
1489
1491
1484
1490
1492
1485
1491
1493
1486
1492
1494
1487
1493
1495
1488
1496
1489
1497
1490
1496
1498
1491
1497
1499
1492
1498
1500
1493
1499
1501
1494
1500
1502
1495
1501
1503
1496
1504
1497
1505
1498
1504
1506
1499
1505
1507
1500
1506
1508
1501
1507
1509
1502
1508
1510
1503
1509
1511
1504
1512
1505
1513
1506
1512
1514
1507
1513
1515
1508
1514
1516
1509
1515
1517
1510
1516
1518
1511
1517
1519
1512
1520
1513
1521
1514
1520
1522
1515
1521
1523
1516
1522
1524
1517
1523
1525
1518
1524
1526
1519
1525
1527
1520
1528
1521
1529
1522
1528
1530
1523
1529
1531
1524
1530
1532
1525
1531
1533
1526
1532
1534
1527
1533
1535
1528
1536
1529
1537
1530
1536
1538
1531
1537
1539
1532
1538
1540
1533
1539
1541
1534
1540
1542
1535
1541
1543
1536
1544
1537
1545
1538
1544
1546
1539
1545
1547
1540
1546
1548
1541
1547
1549
1542
1548
1550
1543
1549
1551
1544
1552
1545
1553
1546
1552
1554
1547
1553
1555
1548
1554
1556
1549
1555
1557
1550
1556
1558
1551
1557
1559
1552
1560
1553
1561
1554
1560
1562
1555
1561
1563
1556
1562
1564
1557
1563
1565
1558
1564
1566
1559
1565
1567
1560
1568
1561
1569
1562
1568
1570
1563
1569
1571
1564
1570
1572
1565
1571
1573
1566
1572
1574
1567
1573
1575
1568
1576
1569
1577
1570
1576
1578
1571
1577
1579
1572
1578
1580
1573
1579
1581
1574
1580
1582
1575
1581
1583
1576
1584
1577
1585
1578
1584
1586
1579
1585
1587
1580
1586
1588
1581
1587
1589
1582
1588
1590
1583
1589
1590
1584
1591
1585
1592
1586
1591
1593
1587
1592
1594
1588
1593
1595
1589
1594
1595
1590
1595
1591
1596
1592
1597
1593
1596
1598
1594
1597
1598
1595
1598
1596
1599
1597
1599
1598
1599
1599
1600
1601
1602
1603
1601
1604
1605
1606
1602
1605
1607
1603
1606
1608
1604
1609
1610
1611
1605
1610
1612
1606
1611
1613
1607
1612
1614
1608
1613
1615
1609
1616
1617
1610
1616
1618
1611
1617
1619
1612
1618
1620
1613
1619
1621
1614
1620
1622
1615
1621
1623
1616
1624
1617
1625
1618
1624
1626
1619
1625
1627
1620
1626
1628
1621
1627
1629
1622
1628
1630
1623
1629
1631
1624
1632
1625
1633
1626
1632
1634
1627
1633
1635
1628
1634
1636
1629
1635
1637
1630
1636
1638
1631
1637
1639
1632
1640
1633
1641
1634
1640
1642
1635
1641
1643
1636
1642
1644
1637
1643
1645
1638
1644
1646
1639
1645
1647
1640
1648
1641
1649
1642
1648
1650
1643
1649
1651
1644
1650
1652
1645
1651
1653
1646
1652
1654
1647
1653
1655
1648
1656
1649
1657
1650
1656
1658
1651
1657
1659
1652
1658
1660
1653
1659
1661
1654
1660
1662
1655
1661
1663
1656
1664
1657
1665
1658
1664
1666
1659
1665
1667
1660
1666
1668
1661
1667
1669
1662
1668
1670
1663
1669
1671
1664
1672
1665
1673
1666
1672
1674
1667
1673
1675
1668
1674
1676
1669
1675
1677
1670
1676
1678
1671
1677
1679
1672
1680
1673
1681
1674
1680
1682
1675
1681
1683
1676
1682
1684
1677
1683
1685
1678
1684
1686
1679
1685
1687
1680
1688
1681
1689
1682
1688
1690
1683
1689
1691
1684
1690
1692
1685
1691
1693
1686
1692
1694
1687
1693
1695
1688
1696
1689
1697
1690
1696
1698
1691
1697
1699
1692
1698
1700
1693
1699
1701
1694
1700
1702
1695
1701
1703
1696
1704
1697
1705
1698
1704
1706
1699
1705
1707
1700
1706
1708
1701
1707
1709
1702
1708
1710
1703
1709
1711
1704
1712
1705
1713
1706
1712
1714
1707
1713
1715
1708
1714
1716
1709
1715
1717
1710
1716
1718
1711
1717
1718
1712
1719
1713
1720
1714
1719
1721
1715
1720
1722
1716
1721
1723
1717
1722
1723
1718
1723
1719
1724
1720
1725
1721
1724
1726
1722
1725
1726
1723
1726
1724
1727
1725
1727
1726
1727
1727
1728
1729
1730
1731
1729
1732
1733
1734
1730
1733
1735
1731
1734
1736
1732
1737
1738
1739
1733
1738
1740
1734
1739
1741
1735
1740
1742
1736
1741
1743
1737
1744
1745
1738
1744
1746
1739
1745
1747
1740
1746
1748
1741
1747
1749
1742
1748
1750
1743
1749
1751
1744
1752
1745
1753
1746
1752
1754
1747
1753
1755
1748
1754
1756
1749
1755
1757
1750
1756
1758
1751
1757
1759
1752
1760
1753
1761
1754
1760
1762
1755
1761
1763
1756
1762
1764
1757
1763
1765
1758
1764
1766
1759
1765
1767
1760
1768
1761
1769
1762
1768
1770
1763
1769
1771
1764
1770
1772
1765
1771
1773
1766
1772
1774
1767
1773
1775
1768
1776
1769
1777
1770
1776
1778
1771
1777
1779
1772
1778
1780
1773
1779
1781
1774
1780
1782
1775
1781
1783
1776
1784
1777
1785
1778
1784
1786
1779
1785
1787
1780
1786
1788
1781
1787
1789
1782
1788
1790
1783
1789
1791
1784
1792
1785
1793
1786
1792
1794
1787
1793
1795
1788
1794
1796
1789
1795
1797
1790
1796
1798
1791
1797
1799
1792
1800
1793
1801
1794
1800
1802
1795
1801
1803
1796
1802
1804
1797
1803
1805
1798
1804
1806
1799
1805
1807
1800
1808
1801
1809
1802
1808
1810
1803
1809
1811
1804
1810
1812
1805
1811
1813
1806
1812
1814
1807
1813
1815
1808
1816
1809
1817
1810
1816
1818
1811
1817
1819
1812
1818
1820
1813
1819
1821
1814
1820
1822
1815
1821
1823
1816
1824
1817
1825
1818
1824
1826
1819
1825
1827
1820
1826
1828
1821
1827
1829
1822
1828
1830
1823
1829
1831
1824
1832
1825
1833
1826
1832
1834
1827
1833
1835
1828
1834
1836
1829
1835
1837
1830
1836
1838
1831
1837
1839
1832
1840
1833
1841
1834
1840
1842
1835
1841
1843
1836
1842
1844
1837
1843
1845
1838
1844
1846
1839
1845
1846
1840
1847
1841
1848
1842
1847
1849
1843
1848
1850
1844
1849
1851
1845
1850
1851
1846
1851
1847
1852
1848
1853
1849
1852
1854
1850
1853
1854
1851
1854
1852
1855
1853
1855
1854
1855
1855
1856
1857
1858
1859
1857
1860
1861
1862
1858
1861
1863
1859
1862
1864
1860
1865
1866
1867
1861
1866
1868
1862
1867
1869
1863
1868
1870
1864
1869
1871
1865
1872
1873
1866
1872
1874
1867
1873
1875
1868
1874
1876
1869
1875
1877
1870
1876
1878
1871
1877
1879
1872
1880
1873
1881
1874
1880
1882
1875
1881
1883
1876
1882
1884
1877
1883
1885
1878
1884
1886
1879
1885
1887
1880
1888
1881
1889
1882
1888
1890
1883
1889
1891
1884
1890
1892
1885
1891
1893
1886
1892
1894
1887
1893
1895
1888
1896
1889
1897
1890
1896
1898
1891
1897
1899
1892
1898
1900
1893
1899
1901
1894
1900
1902
1895
1901
1903
1896
1904
1897
1905
1898
1904
1906
1899
1905
1907
1900
1906
1908
1901
1907
1909
1902
1908
1910
1903
1909
1911
1904
1912
1905
1913
1906
1912
1914
1907
1913
1915
1908
1914
1916
1909
1915
1917
1910
1916
1918
1911
1917
1919
1912
1920
1913
1921
1914
1920
1922
1915
1921
1923
1916
1922
1924
1917
1923
1925
1918
1924
1926
1919
1925
1927
1920
1928
1921
1929
1922
1928
1930
1923
1929
1931
1924
1930
1932
1925
1931
1933
1926
1932
1934
1927
1933
1935
1928
1936
1929
1937
1930
1936
1938
1931
1937
1939
1932
1938
1940
1933
1939
1941
1934
1940
1942
1935
1941
1943
1936
1944
1937
1945
1938
1944
1946
1939
1945
1947
1940
1946
1948
1941
1947
1949
1942
1948
1950
1943
1949
1951
1944
1952
1945
1953
1946
1952
1954
1947
1953
1955
1948
1954
1956
1949
1955
1957
1950
1956
1958
1951
1957
1959
1952
1960
1953
1961
1954
1960
1962
1955
1961
1963
1956
1962
1964
1957
1963
1965
1958
1964
1966
1959
1965
1967
1960
1968
1961
1969
1962
1968
1970
1963
1969
1971
1964
1970
1972
1965
1971
1973
1966
1972
1974
1967
1973
1974
1968
1975
1969
1976
1970
1975
1977
1971
1976
1978
1972
1977
1979
1973
1978
1979
1974
1979
1975
1980
1976
1981
1977
1980
1982
1978
1981
1982
1979
1982
1980
1983
1981
1983
1982
1983
1983
1984
1985
1986
1987
1985
1988
1989
1990
1986
1989
1991
1987
1990
1992
1988
1993
1994
1995
1989
1994
1996
1990
1995
1997
1991
1996
1998
1992
1997
1999
1993
2000
2001
1994
2000
2002
1995
2001
2003
1996
2002
2004
1997
2003
2005
1998
2004
2006
1999
2005
2007
2000
2008
2001
2009
2002
2008
2010
2003
2009
2011
2004
2010
2012
2005
2011
2013
2006
2012
2014
2007
2013
2015
2008
2016
2009
2017
2010
2016
2018
2011
2017
2019
2012
2018
2020
2013
2019
2021
2014
2020
2022
2015
2021
2023
2016
2024
2017
2025
2018
2024
2026
2019
2025
2027
2020
2026
2028
2021
2027
2029
2022
2028
2030
2023
2029
2031
2024
2032
2025
2033
2026
2032
2034
2027
2033
2035
2028
2034
2036
2029
2035
2037
2030
2036
2038
2031
2037
2039
2032
2040
2033
2041
2034
2040
2042
2035
2041
2043
2036
2042
2044
2037
2043
2045
2038
2044
2046
2039
2045
2047
2040
2048
2041
2049
2042
2048
2050
2043
2049
2051
2044
2050
2052
2045
2051
2053
2046
2052
2054
2047
2053
2055
2048
2056
2049
2057
2050
2056
2058
2051
2057
2059
2052
2058
2060
2053
2059
2061
2054
2060
2062
2055
2061
2063
2056
2064
2057
2065
2058
2064
2066
2059
2065
2067
2060
2066
2068
2061
2067
2069
2062
2068
2070
2063
2069
2071
2064
2072
2065
2073
2066
2072
2074
2067
2073
2075
2068
2074
2076
2069
2075
2077
2070
2076
2078
2071
2077
2079
2072
2080
2073
2081
2074
2080
2082
2075
2081
2083
2076
2082
2084
2077
2083
2085
2078
2084
2086
2079
2085
2087
2080
2088
2081
2089
2082
2088
2090
2083
2089
2091
2084
2090
2092
2085
2091
2093
2086
2092
2094
2087
2093
2095
2088
2096
2089
2097
2090
2096
2098
2091
2097
2099
2092
2098
2100
2093
2099
2101
2094
2100
2102
2095
2101
2102
2096
2103
2097
2104
2098
2103
2105
2099
2104
2106
2100
2105
2107
2101
2106
2107
2102
2107
2103
2108
2104
2109
2105
2108
2110
2106
2109
2110
2107
2110
2108
2111
2109
2111
2110
2111
2111
2112
2113
2114
2115
2113
2116
2117
2118
2114
2117
2119
2115
2118
2120
2116
2121
2122
2123
2117
2122
2124
2118
2123
2125
2119
2124
2126
2120
2125
2127
2121
2128
2129
2122
2128
2130
2123
2129
2131
2124
2130
2132
2125
2131
2133
2126
2132
2134
2127
2133
2135
2128
2136
2129
2137
2130
2136
2138
2131
2137
2139
2132
2138
2140
2133
2139
2141
2134
2140
2142
2135
2141
2143
2136
2144
2137
2145
2138
2144
2146
2139
2145
2147
2140
2146
2148
2141
2147
2149
2142
2148
2150
2143
2149
2151
2144
2152
2145
2153
2146
2152
2154
2147
2153
2155
2148
2154
2156
2149
2155
2157
2150
2156
2158
2151
2157
2159
2152
2160
2153
2161
2154
2160
2162
2155
2161
2163
2156
2162
2164
2157
2163
2165
2158
2164
2166
2159
2165
2167
2160
2168
2161
2169
2162
2168
2170
2163
2169
2171
2164
2170
2172
2165
2171
2173
2166
2172
2174
2167
2173
2175
2168
2176
2169
2177
2170
2176
2178
2171
2177
2179
2172
2178
2180
2173
2179
2181
2174
2180
2182
2175
2181
2183
2176
2184
2177
2185
2178
2184
2186
2179
2185
2187
2180
2186
2188
2181
2187
2189
2182
2188
2190
2183
2189
2191
2184
2192
2185
2193
2186
2192
2194
2187
2193
2195
2188
2194
2196
2189
2195
2197
2190
2196
2198
2191
2197
2199
2192
2200
2193
2201
2194
2200
2202
2195
2201
2203
2196
2202
2204
2197
2203
2205
2198
2204
2206
2199
2205
2207
2200
2208
2201
2209
2202
2208
2210
2203
2209
2211
2204
2210
2212
2205
2211
2213
2206
2212
2214
2207
2213
2215
2208
2216
2209
2217
2210
2216
2218
2211
2217
2219
2212
2218
2220
2213
2219
2221
2214
2220
2222
2215
2221
2223
2216
2224
2217
2225
2218
2224
2226
2219
2225
2227
2220
2226
2228
2221
2227
2229
2222
2228
2230
2223
2229
2230
2224
2231
2225
2232
2226
2231
2233
2227
2232
2234
2228
2233
2235
2229
2234
2235
2230
2235
2231
2236
2232
2237
2233
2236
2238
2234
2237
2238
2235
2238
2236
2239
2237
2239
2238
2239
2239
2240
2241
2242
2243
2241
2244
2245
2246
2242
2245
2247
2243
2246
2248
2244
2249
2250
2251
2245
2250
2252
2246
2251
2253
2247
2252
2254
2248
2253
2255
2249
2256
2257
2250
2256
2258
2251
2257
2259
2252
2258
2260
2253
2259
2261
2254
2260
2262
2255
2261
2263
2256
2264
2257
2265
2258
2264
2266
2259
2265
2267
2260
2266
2268
2261
2267
2269
2262
2268
2270
2263
2269
2271
2264
2272
2265
2273
2266
2272
2274
2267
2273
2275
2268
2274
2276
2269
2275
2277
2270
2276
2278
2271
2277
2279
2272
2280
2273
2281
2274
2280
2282
2275
2281
2283
2276
2282
2284
2277
2283
2285
2278
2284
2286
2279
2285
2287
2280
2288
2281
2289
2282
2288
2290
2283
2289
2291
2284
2290
2292
2285
2291
2293
2286
2292
2294
2287
2293
2295
2288
2296
2289
2297
2290
2296
2298
2291
2297
2299
2292
2298
2300
2293
2299
2301
2294
2300
2302
2295
2301
2303
2296
2304
2297
2305
2298
2304
2306
2299
2305
2307
2300
2306
2308
2301
2307
2309
2302
2308
2310
2303
2309
2311
2304
2312
2305
2313
2306
2312
2314
2307
2313
2315
2308
2314
2316
2309
2315
2317
2310
2316
2318
2311
2317
2319
2312
2320
2313
2321
2314
2320
2322
2315
2321
2323
2316
2322
2324
2317
2323
2325
2318
2324
2326
2319
2325
2327
2320
2328
2321
2329
2322
2328
2330
2323
2329
2331
2324
2330
2332
2325
2331
2333
2326
2332
2334
2327
2333
2335
2328
2336
2329
2337
2330
2336
2338
2331
2337
2339
2332
2338
2340
2333
2339
2341
2334
2340
2342
2335
2341
2343
2336
2344
2337
2345
2338
2344
2346
2339
2345
2347
2340
2346
2348
2341
2347
2349
2342
2348
2350
2343
2349
2351
2344
2352
2345
2353
2346
2352
2354
2347
2353
2355
2348
2354
2356
2349
2355
2357
2350
2356
2358
2351
2357
2358
2352
2359
2353
2360
2354
2359
2361
2355
2360
2362
2356
2361
2363
2357
2362
2363
2358
2363
2359
2364
2360
2365
2361
2364
2366
2362
2365
2366
2363
2366
2364
2367
2365
2367
2366
2367
2367
2368
2369
2370
2371
2369
2372
2373
2374
2370
2373
2375
2371
2374
2376
2372
2377
2378
2379
2373
2378
2380
2374
2379
2381
2375
2380
2382
2376
2381
2383
2377
2384
2385
2378
2384
2386
2379
2385
2387
2380
2386
2388
2381
2387
2389
2382
2388
2390
2383
2389
2391
2384
2392
2385
2393
2386
2392
2394
2387
2393
2395
2388
2394
2396
2389
2395
2397
2390
2396
2398
2391
2397
2399
2392
2400
2393
2401
2394
2400
2402
2395
2401
2403
2396
2402
2404
2397
2403
2405
2398
2404
2406
2399
2405
2407
2400
2408
2401
2409
2402
2408
2410
2403
2409
2411
2404
2410
2412
2405
2411
2413
2406
2412
2414
2407
2413
2415
2408
2416
2409
2417
2410
2416
2418
2411
2417
2419
2412
2418
2420
2413
2419
2421
2414
2420
2422
2415
2421
2423
2416
2424
2417
2425
2418
2424
2426
2419
2425
2427
2420
2426
2428
2421
2427
2429
2422
2428
2430
2423
2429
2431
2424
2432
2425
2433
2426
2432
2434
2427
2433
2435
2428
2434
2436
2429
2435
2437
2430
2436
2438
2431
2437
2439
2432
2440
2433
2441
2434
2440
2442
2435
2441
2443
2436
2442
2444
2437
2443
2445
2438
2444
2446
2439
2445
2447
2440
2448
2441
2449
2442
2448
2450
2443
2449
2451
2444
2450
2452
2445
2451
2453
2446
2452
2454
2447
2453
2455
2448
2456
2449
2457
2450
2456
2458
2451
2457
2459
2452
2458
2460
2453
2459
2461
2454
2460
2462
2455
2461
2463
2456
2464
2457
2465
2458
2464
2466
2459
2465
2467
2460
2466
2468
2461
2467
2469
2462
2468
2470
2463
2469
2471
2464
2472
2465
2473
2466
2472
2474
2467
2473
2475
2468
2474
2476
2469
2475
2477
2470
2476
2478
2471
2477
2479
2472
2480
2473
2481
2474
2480
2482
2475
2481
2483
2476
2482
2484
2477
2483
2485
2478
2484
2486
2479
2485
2486
2480
2487
2481
2488
2482
2487
2489
2483
2488
2490
2484
2489
2491
2485
2490
2491
2486
2491
2487
2492
2488
2493
2489
2492
2494
2490
2493
2494
2491
2494
2492
2495
2493
2495
2494
2495
2495
2496
2497
2498
2499
2497
2500
2501
2502
2498
2501
2503
2499
2502
2504
2500
2505
2506
2507
2501
2506
2508
2502
2507
2509
2503
2508
2510
2504
2509
2511
2505
2512
2513
2506
2512
2514
2507
2513
2515
2508
2514
2516
2509
2515
2517
2510
2516
2518
2511
2517
2519
2512
2520
2513
2521
2514
2520
2522
2515
2521
2523
2516
2522
2524
2517
2523
2525
2518
2524
2526
2519
2525
2527
2520
2528
2521
2529
2522
2528
2530
2523
2529
2531
2524
2530
2532
2525
2531
2533
2526
2532
2534
2527
2533
2535
2528
2536
2529
2537
2530
2536
2538
2531
2537
2539
2532
2538
2540
2533
2539
2541
2534
2540
2542
2535
2541
2543
2536
2544
2537
2545
2538
2544
2546
2539
2545
2547
2540
2546
2548
2541
2547
2549
2542
2548
2550
2543
2549
2551
2544
2552
2545
2553
2546
2552
2554
2547
2553
2555
2548
2554
2556
2549
2555
2557
2550
2556
2558
2551
2557
2559
2552
2560
2553
2561
2554
2560
2562
2555
2561
2563
2556
2562
2564
2557
2563
2565
2558
2564
2566
2559
2565
2567
2560
2568
2561
2569
2562
2568
2570
2563
2569
2571
2564
2570
2572
2565
2571
2573
2566
2572
2574
2567
2573
2575
2568
2576
2569
2577
2570
2576
2578
2571
2577
2579
2572
2578
2580
2573
2579
2581
2574
2580
2582
2575
2581
2583
2576
2584
2577
2585
2578
2584
2586
2579
2585
2587
2580
2586
2588
2581
2587
2589
2582
2588
2590
2583
2589
2591
2584
2592
2585
2593
2586
2592
2594
2587
2593
2595
2588
2594
2596
2589
2595
2597
2590
2596
2598
2591
2597
2599
2592
2600
2593
2601
2594
2600
2602
2595
2601
2603
2596
2602
2604
2597
2603
2605
2598
2604
2606
2599
2605
2607
2600
2608
2601
2609
2602
2608
2610
2603
2609
2611
2604
2610
2612
2605
2611
2613
2606
2612
2614
2607
2613
2614
2608
2615
2609
2616
2610
2615
2617
2611
2616
2618
2612
2617
2619
2613
2618
2619
2614
2619
2615
2620
2616
2621
2617
2620
2622
2618
2621
2622
2619
2622
2620
2623
2621
2623
2622
2623
2623
2624
2625
2626
2627
2625
2628
2629
2630
2626
2629
2631
2627
2630
2632
2628
2633
2634
2635
2629
2634
2636
2630
2635
2637
2631
2636
2638
2632
2637
2639
2633
2640
2641
2634
2640
2642
2635
2641
2643
2636
2642
2644
2637
2643
2645
2638
2644
2646
2639
2645
2647
2640
2648
2641
2649
2642
2648
2650
2643
2649
2651
2644
2650
2652
2645
2651
2653
2646
2652
2654
2647
2653
2655
2648
2656
2649
2657
2650
2656
2658
2651
2657
2659
2652
2658
2660
2653
2659
2661
2654
2660
2662
2655
2661
2663
2656
2664
2657
2665
2658
2664
2666
2659
2665
2667
2660
2666
2668
2661
2667
2669
2662
2668
2670
2663
2669
2671
2664
2672
2665
2673
2666
2672
2674
2667
2673
2675
2668
2674
2676
2669
2675
2677
2670
2676
2678
2671
2677
2679
2672
2680
2673
2681
2674
2680
2682
2675
2681
2683
2676
2682
2684
2677
2683
2685
2678
2684
2686
2679
2685
2687
2680
2688
2681
2689
2682
2688
2690
2683
2689
2691
2684
2690
2692
2685
2691
2693
2686
2692
2694
2687
2693
2695
2688
2696
2689
2697
2690
2696
2698
2691
2697
2699
2692
2698
2700
2693
2699
2701
2694
2700
2702
2695
2701
2703
2696
2704
2697
2705
2698
2704
2706
2699
2705
2707
2700
2706
2708
2701
2707
2709
2702
2708
2710
2703
2709
2711
2704
2712
2705
2713
2706
2712
2714
2707
2713
2715
2708
2714
2716
2709
2715
2717
2710
2716
2718
2711
2717
2719
2712
2720
2713
2721
2714
2720
2722
2715
2721
2723
2716
2722
2724
2717
2723
2725
2718
2724
2726
2719
2725
2727
2720
2728
2721
2729
2722
2728
2730
2723
2729
2731
2724
2730
2732
2725
2731
2733
2726
2732
2734
2727
2733
2735
2728
2736
2729
2737
2730
2736
2738
2731
2737
2739
2732
2738
2740
2733
2739
2741
2734
2740
2742
2735
2741
2742
2736
2743
2737
2744
2738
2743
2745
2739
2744
2746
2740
2745
2747
2741
2746
2747
2742
2747
2743
2748
2744
2749
2745
2748
2750
2746
2749
2750
2747
2750
2748
2751
2749
2751
2750
2751
2751
2752
2753
2754
2755
2753
2756
2757
2758
2754
2757
2759
2755
2758
2760
2756
2761
2762
2763
2757
2762
2764
2758
2763
2765
2759
2764
2766
2760
2765
2767
2761
2768
2769
2762
2768
2770
2763
2769
2771
2764
2770
2772
2765
2771
2773
2766
2772
2774
2767
2773
2775
2768
2776
2769
2777
2770
2776
2778
2771
2777
2779
2772
2778
2780
2773
2779
2781
2774
2780
2782
2775
2781
2783
2776
2784
2777
2785
2778
2784
2786
2779
2785
2787
2780
2786
2788
2781
2787
2789
2782
2788
2790
2783
2789
2791
2784
2792
2785
2793
2786
2792
2794
2787
2793
2795
2788
2794
2796
2789
2795
2797
2790
2796
2798
2791
2797
2799
2792
2800
2793
2801
2794
2800
2802
2795
2801
2803
2796
2802
2804
2797
2803
2805
2798
2804
2806
2799
2805
2807
2800
2808
2801
2809
2802
2808
2810
2803
2809
2811
2804
2810
2812
2805
2811
2813
2806
2812
2814
2807
2813
2815
2808
2816
2809
2817
2810
2816
2818
2811
2817
2819
2812
2818
2820
2813
2819
2821
2814
2820
2822
2815
2821
2823
2816
2824
2817
2825
2818
2824
2826
2819
2825
2827
2820
2826
2828
2821
2827
2829
2822
2828
2830
2823
2829
2831
2824
2832
2825
2833
2826
2832
2834
2827
2833
2835
2828
2834
2836
2829
2835
2837
2830
2836
2838
2831
2837
2839
2832
2840
2833
2841
2834
2840
2842
2835
2841
2843
2836
2842
2844
2837
2843
2845
2838
2844
2846
2839
2845
2847
2840
2848
2841
2849
2842
2848
2850
2843
2849
2851
2844
2850
2852
2845
2851
2853
2846
2852
2854
2847
2853
2855
2848
2856
2849
2857
2850
2856
2858
2851
2857
2859
2852
2858
2860
2853
2859
2861
2854
2860
2862
2855
2861
2863
2856
2864
2857
2865
2858
2864
2866
2859
2865
2867
2860
2866
2868
2861
2867
2869
2862
2868
2870
2863
2869
2870
2864
2871
2865
2872
2866
2871
2873
2867
2872
2874
2868
2873
2875
2869
2874
2875
2870
2875
2871
2876
2872
2877
2873
2876
2878
2874
2877
2878
2875
2878
2876
2879
2877
2879
2878
2879
2879
2880
2881
2882
2883
2881
2884
2885
2886
2882
2885
2887
2883
2886
2888
2884
2889
2890
2891
2885
2890
2892
2886
2891
2893
2887
2892
2894
2888
2893
2895
2889
2896
2897
2890
2896
2898
2891
2897
2899
2892
2898
2900
2893
2899
2901
2894
2900
2902
2895
2901
2903
2896
2904
2897
2905
2898
2904
2906
2899
2905
2907
2900
2906
2908
2901
2907
2909
2902
2908
2910
2903
2909
2911
2904
2912
2905
2913
2906
2912
2914
2907
2913
2915
2908
2914
2916
2909
2915
2917
2910
2916
2918
2911
2917
2919
2912
2920
2913
2921
2914
2920
2922
2915
2921
2923
2916
2922
2924
2917
2923
2925
2918
2924
2926
2919
2925
2927
2920
2928
2921
2929
2922
2928
2930
2923
2929
2931
2924
2930
2932
2925
2931
2933
2926
2932
2934
2927
2933
2935
2928
2936
2929
2937
2930
2936
2938
2931
2937
2939
2932
2938
2940
2933
2939
2941
2934
2940
2942
2935
2941
2943
2936
2944
2937
2945
2938
2944
2946
2939
2945
2947
2940
2946
2948
2941
2947
2949
2942
2948
2950
2943
2949
2951
2944
2952
2945
2953
2946
2952
2954
2947
2953
2955
2948
2954
2956
2949
2955
2957
2950
2956
2958
2951
2957
2959
2952
2960
2953
2961
2954
2960
2962
2955
2961
2963
2956
2962
2964
2957
2963
2965
2958
2964
2966
2959
2965
2967
2960
2968
2961
2969
2962
2968
2970
2963
2969
2971
2964
2970
2972
2965
2971
2973
2966
2972
2974
2967
2973
2975
2968
2976
2969
2977
2970
2976
2978
2971
2977
2979
2972
2978
2980
2973
2979
2981
2974
2980
2982
2975
2981
2983
2976
2984
2977
2985
2978
2984
2986
2979
2985
2987
2980
2986
2988
2981
2987
2989
2982
2988
2990
2983
2989
2991
2984
2992
2985
2993
2986
2992
2994
2987
2993
2995
2988
2994
2996
2989
2995
2997
2990
2996
2998
2991
2997
2998
2992
2999
2993
3000
2994
2999
3001
2995
3000
3002
2996
3001
3003
2997
3002
3003
2998
3003
2999
3004
3000
3005
3001
3004
3006
3002
3005
3006
3003
3006
3004
3007
3005
3007
3006
3007
3007
3008
3009
3010
3011
3009
3012
3013
3014
3010
3013
3015
3011
3014
3016
3012
3017
3018
3019
3013
3018
3020
3014
3019
3021
3015
3020
3022
3016
3021
3023
3017
3024
3025
3018
3024
3026
3019
3025
3027
3020
3026
3028
3021
3027
3029
3022
3028
3030
3023
3029
3031
3024
3032
3025
3033
3026
3032
3034
3027
3033
3035
3028
3034
3036
3029
3035
3037
3030
3036
3038
3031
3037
3039
3032
3040
3033
3041
3034
3040
3042
3035
3041
3043
3036
3042
3044
3037
3043
3045
3038
3044
3046
3039
3045
3047
3040
3048
3041
3049
3042
3048
3050
3043
3049
3051
3044
3050
3052
3045
3051
3053
3046
3052
3054
3047
3053
3055
3048
3056
3049
3057
3050
3056
3058
3051
3057
3059
3052
3058
3060
3053
3059
3061
3054
3060
3062
3055
3061
3063
3056
3064
3057
3065
3058
3064
3066
3059
3065
3067
3060
3066
3068
3061
3067
3069
3062
3068
3070
3063
3069
3071
3064
3072
3065
3073
3066
3072
3074
3067
3073
3075
3068
3074
3076
3069
3075
3077
3070
3076
3078
3071
3077
3079
3072
3080
3073
3081
3074
3080
3082
3075
3081
3083
3076
3082
3084
3077
3083
3085
3078
3084
3086
3079
3085
3087
3080
3088
3081
3089
3082
3088
3090
3083
3089
3091
3084
3090
3092
3085
3091
3093
3086
3092
3094
3087
3093
3095
3088
3096
3089
3097
3090
3096
3098
3091
3097
3099
3092
3098
3100
3093
3099
3101
3094
3100
3102
3095
3101
3103
3096
3104
3097
3105
3098
3104
3106
3099
3105
3107
3100
3106
3108
3101
3107
3109
3102
3108
3110
3103
3109
3111
3104
3112
3105
3113
3106
3112
3114
3107
3113
3115
3108
3114
3116
3109
3115
3117
3110
3116
3118
3111
3117
3119
3112
3120
3113
3121
3114
3120
3122
3115
3121
3123
3116
3122
3124
3117
3123
3125
3118
3124
3126
3119
3125
3126
3120
3127
3121
3128
3122
3127
3129
3123
3128
3130
3124
3129
3131
3125
3130
3131
3126
3131
3127
3132
3128
3133
3129
3132
3134
3130
3133
3134
3131
3134
3132
3135
3133
3135
3134
3135
3135
3136
3137
3138
3139
3137
3140
3141
3142
3138
3141
3143
3139
3142
3144
3140
3145
3146
3147
3141
3146
3148
3142
3147
3149
3143
3148
3150
3144
3149
3151
3145
3152
3153
3146
3152
3154
3147
3153
3155
3148
3154
3156
3149
3155
3157
3150
3156
3158
3151
3157
3159
3152
3160
3153
3161
3154
3160
3162
3155
3161
3163
3156
3162
3164
3157
3163
3165
3158
3164
3166
3159
3165
3167
3160
3168
3161
3169
3162
3168
3170
3163
3169
3171
3164
3170
3172
3165
3171
3173
3166
3172
3174
3167
3173
3175
3168
3176
3169
3177
3170
3176
3178
3171
3177
3179
3172
3178
3180
3173
3179
3181
3174
3180
3182
3175
3181
3183
3176
3184
3177
3185
3178
3184
3186
3179
3185
3187
3180
3186
3188
3181
3187
3189
3182
3188
3190
3183
3189
3191
3184
3192
3185
3193
3186
3192
3194
3187
3193
3195
3188
3194
3196
3189
3195
3197
3190
3196
3198
3191
3197
3199
3192
3200
3193
3201
3194
3200
3202
3195
3201
3203
3196
3202
3204
3197
3203
3205
3198
3204
3206
3199
3205
3207
3200
3208
3201
3209
3202
3208
3210
3203
3209
3211
3204
3210
3212
3205
3211
3213
3206
3212
3214
3207
3213
3215
3208
3216
3209
3217
3210
3216
3218
3211
3217
3219
3212
3218
3220
3213
3219
3221
3214
3220
3222
3215
3221
3223
3216
3224
3217
3225
3218
3224
3226
3219
3225
3227
3220
3226
3228
3221
3227
3229
3222
3228
3230
3223
3229
3231
3224
3232
3225
3233
3226
3232
3234
3227
3233
3235
3228
3234
3236
3229
3235
3237
3230
3236
3238
3231
3237
3239
3232
3240
3233
3241
3234
3240
3242
3235
3241
3243
3236
3242
3244
3237
3243
3245
3238
3244
3246
3239
3245
3247
3240
3248
3241
3249
3242
3248
3250
3243
3249
3251
3244
3250
3252
3245
3251
3253
3246
3252
3254
3247
3253
3254
3248
3255
3249
3256
3250
3255
3257
3251
3256
3258
3252
3257
3259
3253
3258
3259
3254
3259
3255
3260
3256
3261
3257
3260
3262
3258
3261
3262
3259
3262
3260
3263
3261
3263
3262
3263
3263
3264
3265
3266
3267
3265
3268
3269
3270
3266
3269
3271
3267
3270
3272
3268
3273
3274
3275
3269
3274
3276
3270
3275
3277
3271
3276
3278
3272
3277
3279
3273
3280
3281
3274
3280
3282
3275
3281
3283
3276
3282
3284
3277
3283
3285
3278
3284
3286
3279
3285
3287
3280
3288
3281
3289
3282
3288
3290
3283
3289
3291
3284
3290
3292
3285
3291
3293
3286
3292
3294
3287
3293
3295
3288
3296
3289
3297
3290
3296
3298
3291
3297
3299
3292
3298
3300
3293
3299
3301
3294
3300
3302
3295
3301
3303
3296
3304
3297
3305
3298
3304
3306
3299
3305
3307
3300
3306
3308
3301
3307
3309
3302
3308
3310
3303
3309
3311
3304
3312
3305
3313
3306
3312
3314
3307
3313
3315
3308
3314
3316
3309
3315
3317
3310
3316
3318
3311
3317
3319
3312
3320
3313
3321
3314
3320
3322
3315
3321
3323
3316
3322
3324
3317
3323
3325
3318
3324
3326
3319
3325
3327
3320
3328
3321
3329
3322
3328
3330
3323
3329
3331
3324
3330
3332
3325
3331
3333
3326
3332
3334
3327
3333
3335
3328
3336
3329
3337
3330
3336
3338
3331
3337
3339
3332
3338
3340
3333
3339
3341
3334
3340
3342
3335
3341
3343
3336
3344
3337
3345
3338
3344
3346
3339
3345
3347
3340
3346
3348
3341
3347
3349
3342
3348
3350
3343
3349
3351
3344
3352
3345
3353
3346
3352
3354
3347
3353
3355
3348
3354
3356
3349
3355
3357
3350
3356
3358
3351
3357
3359
3352
3360
3353
3361
3354
3360
3362
3355
3361
3363
3356
3362
3364
3357
3363
3365
3358
3364
3366
3359
3365
3367
3360
3368
3361
3369
3362
3368
3370
3363
3369
3371
3364
3370
3372
3365
3371
3373
3366
3372
3374
3367
3373
3375
3368
3376
3369
3377
3370
3376
3378
3371
3377
3379
3372
3378
3380
3373
3379
3381
3374
3380
3382
3375
3381
3382
3376
3383
3377
3384
3378
3383
3385
3379
3384
3386
3380
3385
3387
3381
3386
3387
3382
3387
3383
3388
3384
3389
3385
3388
3390
3386
3389
3390
3387
3390
3388
3391
3389
3391
3390
3391
3391
3392
3393
3394
3395
3393
3396
3397
3398
3394
3397
3399
3395
3398
3400
3396
3401
3402
3403
3397
3402
3404
3398
3403
3405
3399
3404
3406
3400
3405
3407
3401
3408
3409
3402
3408
3410
3403
3409
3411
3404
3410
3412
3405
3411
3413
3406
3412
3414
3407
3413
3415
3408
3416
3409
3417
3410
3416
3418
3411
3417
3419
3412
3418
3420
3413
3419
3421
3414
3420
3422
3415
3421
3423
3416
3424
3417
3425
3418
3424
3426
3419
3425
3427
3420
3426
3428
3421
3427
3429
3422
3428
3430
3423
3429
3431
3424
3432
3425
3433
3426
3432
3434
3427
3433
3435
3428
3434
3436
3429
3435
3437
3430
3436
3438
3431
3437
3439
3432
3440
3433
3441
3434
3440
3442
3435
3441
3443
3436
3442
3444
3437
3443
3445
3438
3444
3446
3439
3445
3447
3440
3448
3441
3449
3442
3448
3450
3443
3449
3451
3444
3450
3452
3445
3451
3453
3446
3452
3454
3447
3453
3455
3448
3456
3449
3457
3450
3456
3458
3451
3457
3459
3452
3458
3460
3453
3459
3461
3454
3460
3462
3455
3461
3463
3456
3464
3457
3465
3458
3464
3466
3459
3465
3467
3460
3466
3468
3461
3467
3469
3462
3468
3470
3463
3469
3471
3464
3472
3465
3473
3466
3472
3474
3467
3473
3475
3468
3474
3476
3469
3475
3477
3470
3476
3478
3471
3477
3479
3472
3480
3473
3481
3474
3480
3482
3475
3481
3483
3476
3482
3484
3477
3483
3485
3478
3484
3486
3479
3485
3487
3480
3488
3481
3489
3482
3488
3490
3483
3489
3491
3484
3490
3492
3485
3491
3493
3486
3492
3494
3487
3493
3495
3488
3496
3489
3497
3490
3496
3498
3491
3497
3499
3492
3498
3500
3493
3499
3501
3494
3500
3502
3495
3501
3503
3496
3504
3497
3505
3498
3504
3506
3499
3505
3507
3500
3506
3508
3501
3507
3509
3502
3508
3510
3503
3509
3510
3504
3511
3505
3512
3506
3511
3513
3507
3512
3514
3508
3513
3515
3509
3514
3515
3510
3515
3511
3516
3512
3517
3513
3516
3518
3514
3517
3518
3515
3518
3516
3519
3517
3519
3518
3519
3519
3520
3521
3522
3523
3521
3524
3525
3526
3522
3525
3527
3523
3526
3528
3524
3529
3530
3531
3525
3530
3532
3526
3531
3533
3527
3532
3534
3528
3533
3535
3529
3536
3537
3530
3536
3538
3531
3537
3539
3532
3538
3540
3533
3539
3541
3534
3540
3542
3535
3541
3543
3536
3544
3537
3545
3538
3544
3546
3539
3545
3547
3540
3546
3548
3541
3547
3549
3542
3548
3550
3543
3549
3551
3544
3552
3545
3553
3546
3552
3554
3547
3553
3555
3548
3554
3556
3549
3555
3557
3550
3556
3558
3551
3557
3559
3552
3560
3553
3561
3554
3560
3562
3555
3561
3563
3556
3562
3564
3557
3563
3565
3558
3564
3566
3559
3565
3567
3560
3568
3561
3569
3562
3568
3570
3563
3569
3571
3564
3570
3572
3565
3571
3573
3566
3572
3574
3567
3573
3575
3568
3576
3569
3577
3570
3576
3578
3571
3577
3579
3572
3578
3580
3573
3579
3581
3574
3580
3582
3575
3581
3583
3576
3584
3577
3585
3578
3584
3586
3579
3585
3587
3580
3586
3588
3581
3587
3589
3582
3588
3590
3583
3589
3591
3584
3592
3585
3593
3586
3592
3594
3587
3593
3595
3588
3594
3596
3589
3595
3597
3590
3596
3598
3591
3597
3599
3592
3600
3593
3601
3594
3600
3602
3595
3601
3603
3596
3602
3604
3597
3603
3605
3598
3604
3606
3599
3605
3607
3600
3608
3601
3609
3602
3608
3610
3603
3609
3611
3604
3610
3612
3605
3611
3613
3606
3612
3614
3607
3613
3615
3608
3616
3609
3617
3610
3616
3618
3611
3617
3619
3612
3618
3620
3613
3619
3621
3614
3620
3622
3615
3621
3623
3616
3624
3617
3625
3618
3624
3626
3619
3625
3627
3620
3626
3628
3621
3627
3629
3622
3628
3630
3623
3629
3631
3624
3632
3625
3633
3626
3632
3634
3627
3633
3635
3628
3634
3636
3629
3635
3637
3630
3636
3638
3631
3637
3638
3632
3639
3633
3640
3634
3639
3641
3635
3640
3642
3636
3641
3643
3637
3642
3643
3638
3643
3639
3644
3640
3645
3641
3644
3646
3642
3645
3646
3643
3646
3644
3647
3645
3647
3646
3647
3647
3648
3649
3650
3651
3649
3652
3653
3654
3650
3653
3655
3651
3654
3656
3652
3657
3658
3659
3653
3658
3660
3654
3659
3661
3655
3660
3662
3656
3661
3663
3657
3664
3665
3658
3664
3666
3659
3665
3667
3660
3666
3668
3661
3667
3669
3662
3668
3670
3663
3669
3671
3664
3672
3665
3673
3666
3672
3674
3667
3673
3675
3668
3674
3676
3669
3675
3677
3670
3676
3678
3671
3677
3679
3672
3680
3673
3681
3674
3680
3682
3675
3681
3683
3676
3682
3684
3677
3683
3685
3678
3684
3686
3679
3685
3687
3680
3688
3681
3689
3682
3688
3690
3683
3689
3691
3684
3690
3692
3685
3691
3693
3686
3692
3694
3687
3693
3695
3688
3696
3689
3697
3690
3696
3698
3691
3697
3699
3692
3698
3700
3693
3699
3701
3694
3700
3702
3695
3701
3703
3696
3704
3697
3705
3698
3704
3706
3699
3705
3707
3700
3706
3708
3701
3707
3709
3702
3708
3710
3703
3709
3711
3704
3712
3705
3713
3706
3712
3714
3707
3713
3715
3708
3714
3716
3709
3715
3717
3710
3716
3718
3711
3717
3719
3712
3720
3713
3721
3714
3720
3722
3715
3721
3723
3716
3722
3724
3717
3723
3725
3718
3724
3726
3719
3725
3727
3720
3728
3721
3729
3722
3728
3730
3723
3729
3731
3724
3730
3732
3725
3731
3733
3726
3732
3734
3727
3733
3735
3728
3736
3729
3737
3730
3736
3738
3731
3737
3739
3732
3738
3740
3733
3739
3741
3734
3740
3742
3735
3741
3743
3736
3744
3737
3745
3738
3744
3746
3739
3745
3747
3740
3746
3748
3741
3747
3749
3742
3748
3750
3743
3749
3751
3744
3752
3745
3753
3746
3752
3754
3747
3753
3755
3748
3754
3756
3749
3755
3757
3750
3756
3758
3751
3757
3759
3752
3760
3753
3761
3754
3760
3762
3755
3761
3763
3756
3762
3764
3757
3763
3765
3758
3764
3766
3759
3765
3766
3760
3767
3761
3768
3762
3767
3769
3763
3768
3770
3764
3769
3771
3765
3770
3771
3766
3771
3767
3772
3768
3773
3769
3772
3774
3770
3773
3774
3771
3774
3772
3775
3773
3775
3774
3775
3775
3776
3777
3778
3779
3777
3780
3781
3782
3778
3781
3783
3779
3782
3784
3780
3785
3786
3787
3781
3786
3788
3782
3787
3789
3783
3788
3790
3784
3789
3791
3785
3792
3793
3786
3792
3794
3787
3793
3795
3788
3794
3796
3789
3795
3797
3790
3796
3798
3791
3797
3799
3792
3800
3793
3801
3794
3800
3802
3795
3801
3803
3796
3802
3804
3797
3803
3805
3798
3804
3806
3799
3805
3807
3800
3808
3801
3809
3802
3808
3810
3803
3809
3811
3804
3810
3812
3805
3811
3813
3806
3812
3814
3807
3813
3815
3808
3816
3809
3817
3810
3816
3818
3811
3817
3819
3812
3818
3820
3813
3819
3821
3814
3820
3822
3815
3821
3823
3816
3824
3817
3825
3818
3824
3826
3819
3825
3827
3820
3826
3828
3821
3827
3829
3822
3828
3830
3823
3829
3831
3824
3832
3825
3833
3826
3832
3834
3827
3833
3835
3828
3834
3836
3829
3835
3837
3830
3836
3838
3831
3837
3839
3832
3840
3833
3841
3834
3840
3842
3835
3841
3843
3836
3842
3844
3837
3843
3845
3838
3844
3846
3839
3845
3847
3840
3848
3841
3849
3842
3848
3850
3843
3849
3851
3844
3850
3852
3845
3851
3853
3846
3852
3854
3847
3853
3855
3848
3856
3849
3857
3850
3856
3858
3851
3857
3859
3852
3858
3860
3853
3859
3861
3854
3860
3862
3855
3861
3863
3856
3864
3857
3865
3858
3864
3866
3859
3865
3867
3860
3866
3868
3861
3867
3869
3862
3868
3870
3863
3869
3871
3864
3872
3865
3873
3866
3872
3874
3867
3873
3875
3868
3874
3876
3869
3875
3877
3870
3876
3878
3871
3877
3879
3872
3880
3873
3881
3874
3880
3882
3875
3881
3883
3876
3882
3884
3877
3883
3885
3878
3884
3886
3879
3885
3887
3880
3888
3881
3889
3882
3888
3890
3883
3889
3891
3884
3890
3892
3885
3891
3893
3886
3892
3894
3887
3893
3894
3888
3895
3889
3896
3890
3895
3897
3891
3896
3898
3892
3897
3899
3893
3898
3899
3894
3899
3895
3900
3896
3901
3897
3900
3902
3898
3901
3902
3899
3902
3900
3903
3901
3903
3902
3903
3903
3904
3905
3906
3907
3905
3908
3909
3910
3906
3909
3911
3907
3910
3912
3908
3913
3914
3915
3909
3914
3916
3910
3915
3917
3911
3916
3918
3912
3917
3919
3913
3920
3921
3914
3920
3922
3915
3921
3923
3916
3922
3924
3917
3923
3925
3918
3924
3926
3919
3925
3927
3920
3928
3921
3929
3922
3928
3930
3923
3929
3931
3924
3930
3932
3925
3931
3933
3926
3932
3934
3927
3933
3935
3928
3936
3929
3937
3930
3936
3938
3931
3937
3939
3932
3938
3940
3933
3939
3941
3934
3940
3942
3935
3941
3943
3936
3944
3937
3945
3938
3944
3946
3939
3945
3947
3940
3946
3948
3941
3947
3949
3942
3948
3950
3943
3949
3951
3944
3952
3945
3953
3946
3952
3954
3947
3953
3955
3948
3954
3956
3949
3955
3957
3950
3956
3958
3951
3957
3959
3952
3960
3953
3961
3954
3960
3962
3955
3961
3963
3956
3962
3964
3957
3963
3965
3958
3964
3966
3959
3965
3967
3960
3968
3961
3969
3962
3968
3970
3963
3969
3971
3964
3970
3972
3965
3971
3973
3966
3972
3974
3967
3973
3975
3968
3976
3969
3977
3970
3976
3978
3971
3977
3979
3972
3978
3980
3973
3979
3981
3974
3980
3982
3975
3981
3983
3976
3984
3977
3985
3978
3984
3986
3979
3985
3987
3980
3986
3988
3981
3987
3989
3982
3988
3990
3983
3989
3991
3984
3992
3985
3993
3986
3992
3994
3987
3993
3995
3988
3994
3996
3989
3995
3997
3990
3996
3998
3991
3997
3999
3992
4000
3993
4001
3994
4000
4002
3995
4001
4003
3996
4002
4004
3997
4003
4005
3998
4004
4006
3999
4005
4007
4000
4008
4001
4009
4002
4008
4010
4003
4009
4011
4004
4010
4012
4005
4011
4013
4006
4012
4014
4007
4013
4015
4008
4016
4009
4017
4010
4016
4018
4011
4017
4019
4012
4018
4020
4013
4019
4021
4014
4020
4022
4015
4021
4022
4016
4023
4017
4024
4018
4023
4025
4019
4024
4026
4020
4025
4027
4021
4026
4027
4022
4027
4023
4028
4024
4029
4025
4028
4030
4026
4029
4030
4027
4030
4028
4031
4029
4031
4030
4031
4031
4032
4033
4034
4035
4033
4036
4037
4038
4034
4037
4039
4035
4038
4040
4036
4041
4042
4043
4037
4042
4044
4038
4043
4045
4039
4044
4046
4040
4045
4047
4041
4048
4049
4042
4048
4050
4043
4049
4051
4044
4050
4052
4045
4051
4053
4046
4052
4054
4047
4053
4055
4048
4056
4049
4057
4050
4056
4058
4051
4057
4059
4052
4058
4060
4053
4059
4061
4054
4060
4062
4055
4061
4063
4056
4064
4057
4065
4058
4064
4066
4059
4065
4067
4060
4066
4068
4061
4067
4069
4062
4068
4070
4063
4069
4071
4064
4072
4065
4073
4066
4072
4074
4067
4073
4075
4068
4074
4076
4069
4075
4077
4070
4076
4078
4071
4077
4079
4072
4080
4073
4081
4074
4080
4082
4075
4081
4083
4076
4082
4084
4077
4083
4085
4078
4084
4086
4079
4085
4087
4080
4088
4081
4089
4082
4088
4090
4083
4089
4091
4084
4090
4092
4085
4091
4093
4086
4092
4094
4087
4093
4095
4088
4096
4089
4097
4090
4096
4098
4091
4097
4099
4092
4098
4100
4093
4099
4101
4094
4100
4102
4095
4101
4103
4096
4104
4097
4105
4098
4104
4106
4099
4105
4107
4100
4106
4108
4101
4107
4109
4102
4108
4110
4103
4109
4111
4104
4112
4105
4113
4106
4112
4114
4107
4113
4115
4108
4114
4116
4109
4115
4117
4110
4116
4118
4111
4117
4119
4112
4120
4113
4121
4114
4120
4122
4115
4121
4123
4116
4122
4124
4117
4123
4125
4118
4124
4126
4119
4125
4127
4120
4128
4121
4129
4122
4128
4130
4123
4129
4131
4124
4130
4132
4125
4131
4133
4126
4132
4134
4127
4133
4135
4128
4136
4129
4137
4130
4136
4138
4131
4137
4139
4132
4138
4140
4133
4139
4141
4134
4140
4142
4135
4141
4143
4136
4144
4137
4145
4138
4144
4146
4139
4145
4147
4140
4146
4148
4141
4147
4149
4142
4148
4150
4143
4149
4150
4144
4151
4145
4152
4146
4151
4153
4147
4152
4154
4148
4153
4155
4149
4154
4155
4150
4155
4151
4156
4152
4157
4153
4156
4158
4154
4157
4158
4155
4158
4156
4159
4157
4159
4158
4159
4159
4160
4161
4162
4163
4161
4164
4165
4166
4162
4165
4167
4163
4166
4168
4164
4169
4170
4171
4165
4170
4172
4166
4171
4173
4167
4172
4174
4168
4173
4175
4169
4176
4177
4170
4176
4178
4171
4177
4179
4172
4178
4180
4173
4179
4181
4174
4180
4182
4175
4181
4183
4176
4184
4177
4185
4178
4184
4186
4179
4185
4187
4180
4186
4188
4181
4187
4189
4182
4188
4190
4183
4189
4191
4184
4192
4185
4193
4186
4192
4194
4187
4193
4195
4188
4194
4196
4189
4195
4197
4190
4196
4198
4191
4197
4199
4192
4200
4193
4201
4194
4200
4202
4195
4201
4203
4196
4202
4204
4197
4203
4205
4198
4204
4206
4199
4205
4207
4200
4208
4201
4209
4202
4208
4210
4203
4209
4211
4204
4210
4212
4205
4211
4213
4206
4212
4214
4207
4213
4215
4208
4216
4209
4217
4210
4216
4218
4211
4217
4219
4212
4218
4220
4213
4219
4221
4214
4220
4222
4215
4221
4223
4216
4224
4217
4225
4218
4224
4226
4219
4225
4227
4220
4226
4228
4221
4227
4229
4222
4228
4230
4223
4229
4231
4224
4232
4225
4233
4226
4232
4234
4227
4233
4235
4228
4234
4236
4229
4235
4237
4230
4236
4238
4231
4237
4239
4232
4240
4233
4241
4234
4240
4242
4235
4241
4243
4236
4242
4244
4237
4243
4245
4238
4244
4246
4239
4245
4247
4240
4248
4241
4249
4242
4248
4250
4243
4249
4251
4244
4250
4252
4245
4251
4253
4246
4252
4254
4247
4253
4255
4248
4256
4249
4257
4250
4256
4258
4251
4257
4259
4252
4258
4260
4253
4259
4261
4254
4260
4262
4255
4261
4263
4256
4264
4257
4265
4258
4264
4266
4259
4265
4267
4260
4266
4268
4261
4267
4269
4262
4268
4270
4263
4269
4271
4264
4272
4265
4273
4266
4272
4274
4267
4273
4275
4268
4274
4276
4269
4275
4277
4270
4276
4278
4271
4277
4278
4272
4279
4273
4280
4274
4279
4281
4275
4280
4282
4276
4281
4283
4277
4282
4283
4278
4283
4279
4284
4280
4285
4281
4284
4286
4282
4285
4286
4283
4286
4284
4287
4285
4287
4286
4287
4287
4288
4289
4290
4291
4289
4292
4293
4294
4290
4293
4295
4291
4294
4296
4292
4297
4298
4299
4293
4298
4300
4294
4299
4301
4295
4300
4302
4296
4301
4303
4297
4304
4305
4298
4304
4306
4299
4305
4307
4300
4306
4308
4301
4307
4309
4302
4308
4310
4303
4309
4311
4304
4312
4305
4313
4306
4312
4314
4307
4313
4315
4308
4314
4316
4309
4315
4317
4310
4316
4318
4311
4317
4319
4312
4320
4313
4321
4314
4320
4322
4315
4321
4323
4316
4322
4324
4317
4323
4325
4318
4324
4326
4319
4325
4327
4320
4328
4321
4329
4322
4328
4330
4323
4329
4331
4324
4330
4332
4325
4331
4333
4326
4332
4334
4327
4333
4335
4328
4336
4329
4337
4330
4336
4338
4331
4337
4339
4332
4338
4340
4333
4339
4341
4334
4340
4342
4335
4341
4343
4336
4344
4337
4345
4338
4344
4346
4339
4345
4347
4340
4346
4348
4341
4347
4349
4342
4348
4350
4343
4349
4351
4344
4352
4345
4353
4346
4352
4354
4347
4353
4355
4348
4354
4356
4349
4355
4357
4350
4356
4358
4351
4357
4359
4352
4360
4353
4361
4354
4360
4362
4355
4361
4363
4356
4362
4364
4357
4363
4365
4358
4364
4366
4359
4365
4367
4360
4368
4361
4369
4362
4368
4370
4363
4369
4371
4364
4370
4372
4365
4371
4373
4366
4372
4374
4367
4373
4375
4368
4376
4369
4377
4370
4376
4378
4371
4377
4379
4372
4378
4380
4373
4379
4381
4374
4380
4382
4375
4381
4383
4376
4384
4377
4385
4378
4384
4386
4379
4385
4387
4380
4386
4388
4381
4387
4389
4382
4388
4390
4383
4389
4391
4384
4392
4385
4393
4386
4392
4394
4387
4393
4395
4388
4394
4396
4389
4395
4397
4390
4396
4398
4391
4397
4399
4392
4400
4393
4401
4394
4400
4402
4395
4401
4403
4396
4402
4404
4397
4403
4405
4398
4404
4406
4399
4405
4406
4400
4407
4401
4408
4402
4407
4409
4403
4408
4410
4404
4409
4411
4405
4410
4411
4406
4411
4407
4412
4408
4413
4409
4412
4414
4410
4413
4414
4411
4414
4412
4415
4413
4415
4414
4415
4415
4416
4417
4418
4419
4417
4420
4421
4422
4418
4421
4423
4419
4422
4424
4420
4425
4426
4427
4421
4426
4428
4422
4427
4429
4423
4428
4430
4424
4429
4431
4425
4432
4433
4426
4432
4434
4427
4433
4435
4428
4434
4436
4429
4435
4437
4430
4436
4438
4431
4437
4439
4432
4440
4433
4441
4434
4440
4442
4435
4441
4443
4436
4442
4444
4437
4443
4445
4438
4444
4446
4439
4445
4447
4440
4448
4441
4449
4442
4448
4450
4443
4449
4451
4444
4450
4452
4445
4451
4453
4446
4452
4454
4447
4453
4455
4448
4456
4449
4457
4450
4456
4458
4451
4457
4459
4452
4458
4460
4453
4459
4461
4454
4460
4462
4455
4461
4463
4456
4464
4457
4465
4458
4464
4466
4459
4465
4467
4460
4466
4468
4461
4467
4469
4462
4468
4470
4463
4469
4471
4464
4472
4465
4473
4466
4472
4474
4467
4473
4475
4468
4474
4476
4469
4475
4477
4470
4476
4478
4471
4477
4479
4472
4480
4473
4481
4474
4480
4482
4475
4481
4483
4476
4482
4484
4477
4483
4485
4478
4484
4486
4479
4485
4487
4480
4488
4481
4489
4482
4488
4490
4483
4489
4491
4484
4490
4492
4485
4491
4493
4486
4492
4494
4487
4493
4495
4488
4496
4489
4497
4490
4496
4498
4491
4497
4499
4492
4498
4500
4493
4499
4501
4494
4500
4502
4495
4501
4503
4496
4504
4497
4505
4498
4504
4506
4499
4505
4507
4500
4506
4508
4501
4507
4509
4502
4508
4510
4503
4509
4511
4504
4512
4505
4513
4506
4512
4514
4507
4513
4515
4508
4514
4516
4509
4515
4517
4510
4516
4518
4511
4517
4519
4512
4520
4513
4521
4514
4520
4522
4515
4521
4523
4516
4522
4524
4517
4523
4525
4518
4524
4526
4519
4525
4527
4520
4528
4521
4529
4522
4528
4530
4523
4529
4531
4524
4530
4532
4525
4531
4533
4526
4532
4534
4527
4533
4534
4528
4535
4529
4536
4530
4535
4537
4531
4536
4538
4532
4537
4539
4533
4538
4539
4534
4539
4535
4540
4536
4541
4537
4540
4542
4538
4541
4542
4539
4542
4540
4543
4541
4543
4542
4543
4543
4544
4545
4546
4547
4545
4548
4549
4550
4546
4549
4551
4547
4550
4552
4548
4553
4554
4555
4549
4554
4556
4550
4555
4557
4551
4556
4558
4552
4557
4559
4553
4560
4561
4554
4560
4562
4555
4561
4563
4556
4562
4564
4557
4563
4565
4558
4564
4566
4559
4565
4567
4560
4568
4561
4569
4562
4568
4570
4563
4569
4571
4564
4570
4572
4565
4571
4573
4566
4572
4574
4567
4573
4575
4568
4576
4569
4577
4570
4576
4578
4571
4577
4579
4572
4578
4580
4573
4579
4581
4574
4580
4582
4575
4581
4583
4576
4584
4577
4585
4578
4584
4586
4579
4585
4587
4580
4586
4588
4581
4587
4589
4582
4588
4590
4583
4589
4591
4584
4592
4585
4593
4586
4592
4594
4587
4593
4595
4588
4594
4596
4589
4595
4597
4590
4596
4598
4591
4597
4599
4592
4600
4593
4601
4594
4600
4602
4595
4601
4603
4596
4602
4604
4597
4603
4605
4598
4604
4606
4599
4605
4607
4600
4608
4601
4609
4602
4608
4610
4603
4609
4611
4604
4610
4612
4605
4611
4613
4606
4612
4614
4607
4613
4615
4608
4616
4609
4617
4610
4616
4618
4611
4617
4619
4612
4618
4620
4613
4619
4621
4614
4620
4622
4615
4621
4623
4616
4624
4617
4625
4618
4624
4626
4619
4625
4627
4620
4626
4628
4621
4627
4629
4622
4628
4630
4623
4629
4631
4624
4632
4625
4633
4626
4632
4634
4627
4633
4635
4628
4634
4636
4629
4635
4637
4630
4636
4638
4631
4637
4639
4632
4640
4633
4641
4634
4640
4642
4635
4641
4643
4636
4642
4644
4637
4643
4645
4638
4644
4646
4639
4645
4647
4640
4648
4641
4649
4642
4648
4650
4643
4649
4651
4644
4650
4652
4645
4651
4653
4646
4652
4654
4647
4653
4655
4648
4656
4649
4657
4650
4656
4658
4651
4657
4659
4652
4658
4660
4653
4659
4661
4654
4660
4662
4655
4661
4662
4656
4663
4657
4664
4658
4663
4665
4659
4664
4666
4660
4665
4667
4661
4666
4667
4662
4667
4663
4668
4664
4669
4665
4668
4670
4666
4669
4670
4667
4670
4668
4671
4669
4671
4670
4671
4671
4672
4673
4674
4675
4673
4676
4677
4678
4674
4677
4679
4675
4678
4680
4676
4681
4682
4683
4677
4682
4684
4678
4683
4685
4679
4684
4686
4680
4685
4687
4681
4688
4689
4682
4688
4690
4683
4689
4691
4684
4690
4692
4685
4691
4693
4686
4692
4694
4687
4693
4695
4688
4696
4689
4697
4690
4696
4698
4691
4697
4699
4692
4698
4700
4693
4699
4701
4694
4700
4702
4695
4701
4703
4696
4704
4697
4705
4698
4704
4706
4699
4705
4707
4700
4706
4708
4701
4707
4709
4702
4708
4710
4703
4709
4711
4704
4712
4705
4713
4706
4712
4714
4707
4713
4715
4708
4714
4716
4709
4715
4717
4710
4716
4718
4711
4717
4719
4712
4720
4713
4721
4714
4720
4722
4715
4721
4723
4716
4722
4724
4717
4723
4725
4718
4724
4726
4719
4725
4727
4720
4728
4721
4729
4722
4728
4730
4723
4729
4731
4724
4730
4732
4725
4731
4733
4726
4732
4734
4727
4733
4735
4728
4736
4729
4737
4730
4736
4738
4731
4737
4739
4732
4738
4740
4733
4739
4741
4734
4740
4742
4735
4741
4743
4736
4744
4737
4745
4738
4744
4746
4739
4745
4747
4740
4746
4748
4741
4747
4749
4742
4748
4750
4743
4749
4751
4744
4752
4745
4753
4746
4752
4754
4747
4753
4755
4748
4754
4756
4749
4755
4757
4750
4756
4758
4751
4757
4759
4752
4760
4753
4761
4754
4760
4762
4755
4761
4763
4756
4762
4764
4757
4763
4765
4758
4764
4766
4759
4765
4767
4760
4768
4761
4769
4762
4768
4770
4763
4769
4771
4764
4770
4772
4765
4771
4773
4766
4772
4774
4767
4773
4775
4768
4776
4769
4777
4770
4776
4778
4771
4777
4779
4772
4778
4780
4773
4779
4781
4774
4780
4782
4775
4781
4783
4776
4784
4777
4785
4778
4784
4786
4779
4785
4787
4780
4786
4788
4781
4787
4789
4782
4788
4790
4783
4789
4790
4784
4791
4785
4792
4786
4791
4793
4787
4792
4794
4788
4793
4795
4789
4794
4795
4790
4795
4791
4796
4792
4797
4793
4796
4798
4794
4797
4798
4795
4798
4796
4799
4797
4799
4798
4799
4799
4800
4801
4802
4803
4801
4804
4805
4806
4802
4805
4807
4803
4806
4808
4804
4809
4810
4811
4805
4810
4812
4806
4811
4813
4807
4812
4814
4808
4813
4815
4809
4816
4817
4810
4816
4818
4811
4817
4819
4812
4818
4820
4813
4819
4821
4814
4820
4822
4815
4821
4823
4816
4824
4817
4825
4818
4824
4826
4819
4825
4827
4820
4826
4828
4821
4827
4829
4822
4828
4830
4823
4829
4831
4824
4832
4825
4833
4826
4832
4834
4827
4833
4835
4828
4834
4836
4829
4835
4837
4830
4836
4838
4831
4837
4839
4832
4840
4833
4841
4834
4840
4842
4835
4841
4843
4836
4842
4844
4837
4843
4845
4838
4844
4846
4839
4845
4847
4840
4848
4841
4849
4842
4848
4850
4843
4849
4851
4844
4850
4852
4845
4851
4853
4846
4852
4854
4847
4853
4855
4848
4856
4849
4857
4850
4856
4858
4851
4857
4859
4852
4858
4860
4853
4859
4861
4854
4860
4862
4855
4861
4863
4856
4864
4857
4865
4858
4864
4866
4859
4865
4867
4860
4866
4868
4861
4867
4869
4862
4868
4870
4863
4869
4871
4864
4872
4865
4873
4866
4872
4874
4867
4873
4875
4868
4874
4876
4869
4875
4877
4870
4876
4878
4871
4877
4879
4872
4880
4873
4881
4874
4880
4882
4875
4881
4883
4876
4882
4884
4877
4883
4885
4878
4884
4886
4879
4885
4887
4880
4888
4881
4889
4882
4888
4890
4883
4889
4891
4884
4890
4892
4885
4891
4893
4886
4892
4894
4887
4893
4895
4888
4896
4889
4897
4890
4896
4898
4891
4897
4899
4892
4898
4900
4893
4899
4901
4894
4900
4902
4895
4901
4903
4896
4904
4897
4905
4898
4904
4906
4899
4905
4907
4900
4906
4908
4901
4907
4909
4902
4908
4910
4903
4909
4911
4904
4912
4905
4913
4906
4912
4914
4907
4913
4915
4908
4914
4916
4909
4915
4917
4910
4916
4918
4911
4917
4918
4912
4919
4913
4920
4914
4919
4921
4915
4920
4922
4916
4921
4923
4917
4922
4923
4918
4923
4919
4924
4920
4925
4921
4924
4926
4922
4925
4926
4923
4926
4924
4927
4925
4927
4926
4927
4927
4928
4929
4930
4931
4929
4932
4933
4934
4930
4933
4935
4931
4934
4936
4932
4937
4938
4939
4933
4938
4940
4934
4939
4941
4935
4940
4942
4936
4941
4943
4937
4944
4945
4938
4944
4946
4939
4945
4947
4940
4946
4948
4941
4947
4949
4942
4948
4950
4943
4949
4951
4944
4952
4945
4953
4946
4952
4954
4947
4953
4955
4948
4954
4956
4949
4955
4957
4950
4956
4958
4951
4957
4959
4952
4960
4953
4961
4954
4960
4962
4955
4961
4963
4956
4962
4964
4957
4963
4965
4958
4964
4966
4959
4965
4967
4960
4968
4961
4969
4962
4968
4970
4963
4969
4971
4964
4970
4972
4965
4971
4973
4966
4972
4974
4967
4973
4975
4968
4976
4969
4977
4970
4976
4978
4971
4977
4979
4972
4978
4980
4973
4979
4981
4974
4980
4982
4975
4981
4983
4976
4984
4977
4985
4978
4984
4986
4979
4985
4987
4980
4986
4988
4981
4987
4989
4982
4988
4990
4983
4989
4991
4984
4992
4985
4993
4986
4992
4994
4987
4993
4995
4988
4994
4996
4989
4995
4997
4990
4996
4998
4991
4997
4999
4992
5000
4993
5001
4994
5000
5002
4995
5001
5003
4996
5002
5004
4997
5003
5005
4998
5004
5006
4999
5005
5007
5000
5008
5001
5009
5002
5008
5010
5003
5009
5011
5004
5010
5012
5005
5011
5013
5006
5012
5014
5007
5013
5015
5008
5016
5009
5017
5010
5016
5018
5011
5017
5019
5012
5018
5020
5013
5019
5021
5014
5020
5022
5015
5021
5023
5016
5024
5017
5025
5018
5024
5026
5019
5025
5027
5020
5026
5028
5021
5027
5029
5022
5028
5030
5023
5029
5031
5024
5032
5025
5033
5026
5032
5034
5027
5033
5035
5028
5034
5036
5029
5035
5037
5030
5036
5038
5031
5037
5039
5032
5040
5033
5041
5034
5040
5042
5035
5041
5043
5036
5042
5044
5037
5043
5045
5038
5044
5046
5039
5045
5046
5040
5047
5041
5048
5042
5047
5049
5043
5048
5050
5044
5049
5051
5045
5050
5051
5046
5051
5047
5052
5048
5053
5049
5052
5054
5050
5053
5054
5051
5054
5052
5055
5053
5055
5054
5055
5055
5056
5057
5058
5059
5057
5060
5061
5062
5058
5061
5063
5059
5062
5064
5060
5065
5066
5067
5061
5066
5068
5062
5067
5069
5063
5068
5070
5064
5069
5071
5065
5072
5073
5066
5072
5074
5067
5073
5075
5068
5074
5076
5069
5075
5077
5070
5076
5078
5071
5077
5079
5072
5080
5073
5081
5074
5080
5082
5075
5081
5083
5076
5082
5084
5077
5083
5085
5078
5084
5086
5079
5085
5087
5080
5088
5081
5089
5082
5088
5090
5083
5089
5091
5084
5090
5092
5085
5091
5093
5086
5092
5094
5087
5093
5095
5088
5096
5089
5097
5090
5096
5098
5091
5097
5099
5092
5098
5100
5093
5099
5101
5094
5100
5102
5095
5101
5103
5096
5104
5097
5105
5098
5104
5106
5099
5105
5107
5100
5106
5108
5101
5107
5109
5102
5108
5110
5103
5109
5111
5104
5112
5105
5113
5106
5112
5114
5107
5113
5115
5108
5114
5116
5109
5115
5117
5110
5116
5118
5111
5117
5119
5112
5120
5113
5121
5114
5120
5122
5115
5121
5123
5116
5122
5124
5117
5123
5125
5118
5124
5126
5119
5125
5127
5120
5128
5121
5129
5122
5128
5130
5123
5129
5131
5124
5130
5132
5125
5131
5133
5126
5132
5134
5127
5133
5135
5128
5136
5129
5137
5130
5136
5138
5131
5137
5139
5132
5138
5140
5133
5139
5141
5134
5140
5142
5135
5141
5143
5136
5144
5137
5145
5138
5144
5146
5139
5145
5147
5140
5146
5148
5141
5147
5149
5142
5148
5150
5143
5149
5151
5144
5152
5145
5153
5146
5152
5154
5147
5153
5155
5148
5154
5156
5149
5155
5157
5150
5156
5158
5151
5157
5159
5152
5160
5153
5161
5154
5160
5162
5155
5161
5163
5156
5162
5164
5157
5163
5165
5158
5164
5166
5159
5165
5167
5160
5168
5161
5169
5162
5168
5170
5163
5169
5171
5164
5170
5172
5165
5171
5173
5166
5172
5174
5167
5173
5174
5168
5175
5169
5176
5170
5175
5177
5171
5176
5178
5172
5177
5179
5173
5178
5179
5174
5179
5175
5180
5176
5181
5177
5180
5182
5178
5181
5182
5179
5182
5180
5183
5181
5183
5182
5183
5183
5184
5185
5186
5184
5187
5188
5189
5185
5188
5190
5186
5189
5191
5187
5192
5193
5194
5188
5193
5195
5189
5194
5196
5190
5195
5197
5191
5196
5198
5192
5199
5200
5193
5199
5201
5194
5200
5202
5195
5201
5203
5196
5202
5204
5197
5203
5205
5198
5204
5206
5199
5207
5200
5208
5201
5207
5209
5202
5208
5210
5203
5209
5211
5204
5210
5212
5205
5211
5213
5206
5212
5214
5207
5215
5208
5216
5209
5215
5217
5210
5216
5218
5211
5217
5219
5212
5218
5220
5213
5219
5221
5214
5220
5222
5215
5223
5216
5224
5217
5223
5225
5218
5224
5226
5219
5225
5227
5220
5226
5228
5221
5227
5229
5222
5228
5230
5223
5231
5224
5232
5225
5231
5233
5226
5232
5234
5227
5233
5235
5228
5234
5236
5229
5235
5237
5230
5236
5238
5231
5239
5232
5240
5233
5239
5241
5234
5240
5242
5235
5241
5243
5236
5242
5244
5237
5243
5245
5238
5244
5246
5239
5247
5240
5248
5241
5247
5249
5242
5248
5250
5243
5249
5251
5244
5250
5252
5245
5251
5253
5246
5252
5254
5247
5255
5248
5256
5249
5255
5257
5250
5256
5258
5251
5257
5259
5252
5258
5260
5253
5259
5261
5254
5260
5262
5255
5263
5256
5264
5257
5263
5265
5258
5264
5266
5259
5265
5267
5260
5266
5268
5261
5267
5269
5262
5268
5270
5263
5271
5264
5272
5265
5271
5273
5266
5272
5274
5267
5273
5275
5268
5274
5276
5269
5275
5277
5270
5276
5278
5271
5279
5272
5280
5273
5279
5281
5274
5280
5282
5275
5281
5283
5276
5282
5284
5277
5283
5285
5278
5284
5286
5279
5287
5280
5288
5281
5287
5289
5282
5288
5290
5283
5289
5291
5284
5290
5292
5285
5291
5293
5286
5292
5294
5287
5295
5288
5296
5289
5295
5297
5290
5296
5298
5291
5297
5299
5292
5298
5300
5293
5299
5301
5294
5300
5301
5295
5302
5296
5303
5297
5302
5304
5298
5303
5305
5299
5304
5306
5300
5305
5306
5301
5306
5302
5307
5303
5308
5304
5307
5309
5305
5308
5309
5306
5309
5307
5310
5308
5310
5309
5310
5310
5311
5312
5313
5312
5314
5313
5315
5311
5316
5317
5318
5312
5317
5319
5313
5318
5320
5314
5319
5321
5315
5320
5322
5316
5323
5324
5317
5323
5325
5318
5324
5326
5319
5325
5327
5320
5326
5328
5321
5327
5329
5322
5328
5330
5323
5331
5324
5332
5325
5331
5333
5326
5332
5334
5327
5333
5335
5328
5334
5336
5329
5335
5337
5330
5336
5338
5331
5339
5332
5340
5333
5339
5341
5334
5340
5342
5335
5341
5343
5336
5342
5344
5337
5343
5345
5338
5344
5346
5339
5347
5340
5348
5341
5347
5349
5342
5348
5350
5343
5349
5351
5344
5350
5352
5345
5351
5353
5346
5352
5354
5347
5355
5348
5356
5349
5355
5357
5350
5356
5358
5351
5357
5359
5352
5358
5360
5353
5359
5361
5354
5360
5362
5355
5363
5356
5364
5357
5363
5365
5358
5364
5366
5359
5365
5367
5360
5366
5368
5361
5367
5369
5362
5368
5370
5363
5371
5364
5372
5365
5371
5373
5366
5372
5374
5367
5373
5375
5368
5374
5376
5369
5375
5377
5370
5376
5378
5371
5379
5372
5380
5373
5379
5381
5374
5380
5382
5375
5381
5383
5376
5382
5384
5377
5383
5385
5378
5384
5386
5379
5387
5380
5388
5381
5387
5389
5382
5388
5390
5383
5389
5391
5384
5390
5392
5385
5391
5393
5386
5392
5394
5387
5395
5388
5396
5389
5395
5397
5390
5396
5398
5391
5397
5399
5392
5398
5400
5393
5399
5401
5394
5400
5402
5395
5403
5396
5404
5397
5403
5405
5398
5404
5406
5399
5405
5407
5400
5406
5408
5401
5407
5409
5402
5408
5410
5403
5411
5404
5412
5405
5411
5413
5406
5412
5414
5407
5413
5415
5408
5414
5416
5409
5415
5417
5410
5416
5418
5411
5419
5412
5420
5413
5419
5421
5414
5420
5422
5415
5421
5423
5416
5422
5424
5417
5423
5425
5418
5424
5425
5419
5426
5420
5427
5421
5426
5428
5422
5427
5429
5423
5428
5430
5424
5429
5430
5425
5430
5426
5431
5427
5432
5428
5431
5433
5429
5432
5433
5430
5433
5431
5434
5432
5434
5433
5434
5434
5435
5436
5437
5436
5438
5437
5439
5438
5440
5439
5441
5435
5442
5443
5436
5442
5444
5437
5443
5445
5438
5444
5446
5439
5445
5447
5440
5446
5448
5441
5447
5449
5442
5450
5443
5451
5444
5450
5452
5445
5451
5453
5446
5452
5454
5447
5453
5455
5448
5454
5456
5449
5455
5457
5450
5458
5451
5459
5452
5458
5460
5453
5459
5461
5454
5460
5462
5455
5461
5463
5456
5462
5464
5457
5463
5465
5458
5466
5459
5467
5460
5466
5468
5461
5467
5469
5462
5468
5470
5463
5469
5471
5464
5470
5472
5465
5471
5473
5466
5474
5467
5475
5468
5474
5476
5469
5475
5477
5470
5476
5478
5471
5477
5479
5472
5478
5480
5473
5479
5481
5474
5482
5475
5483
5476
5482
5484
5477
5483
5485
5478
5484
5486
5479
5485
5487
5480
5486
5488
5481
5487
5489
5482
5490
5483
5491
5484
5490
5492
5485
5491
5493
5486
5492
5494
5487
5493
5495
5488
5494
5496
5489
5495
5497
5490
5498
5491
5499
5492
5498
5500
5493
5499
5501
5494
5500
5502
5495
5501
5503
5496
5502
5504
5497
5503
5505
5498
5506
5499
5507
5500
5506
5508
5501
5507
5509
5502
5508
5510
5503
5509
5511
5504
5510
5512
5505
5511
5513
5506
5514
5507
5515
5508
5514
5516
5509
5515
5517
5510
5516
5518
5511
5517
5519
5512
5518
5520
5513
5519
5521
5514
5522
5515
5523
5516
5522
5524
5517
5523
5525
5518
5524
5526
5519
5525
5527
5520
5526
5528
5521
5527
5529
5522
5530
5523
5531
5524
5530
5532
5525
5531
5533
5526
5532
5534
5527
5533
5535
5528
5534
5536
5529
5535
5537
5530
5538
5531
5539
5532
5538
5540
5533
5539
5541
5534
5540
5542
5535
5541
5543
5536
5542
5544
5537
5543
5544
5538
5545
5539
5546
5540
5545
5547
5541
5546
5548
5542
5547
5549
5543
5548
5549
5544
5549
5545
5550
5546
5551
5547
5550
5552
5548
5551
5552
5549
5552
5550
5553
5551
5553
5552
5553
5553
5554
5555
5554
5556
5555
5557
5556
5558
5557
5559
5558
5560
5559
5561
5554
5562
5555
5563
5556
5562
5564
5557
5563
5565
5558
5564
5566
5559
5565
5567
5560
5566
5568
5561
5567
5569
5562
5570
5563
5571
5564
5570
5572
5565
5571
5573
5566
5572
5574
5567
5573
5575
5568
5574
5576
5569
5575
5577
5570
5578
5571
5579
5572
5578
5580
5573
5579
5581
5574
5580
5582
5575
5581
5583
5576
5582
5584
5577
5583
5585
5578
5586
5579
5587
5580
5586
5588
5581
5587
5589
5582
5588
5590
5583
5589
5591
5584
5590
5592
5585
5591
5593
5586
5594
5587
5595
5588
5594
5596
5589
5595
5597
5590
5596
5598
5591
5597
5599
5592
5598
5600
5593
5599
5601
5594
5602
5595
5603
5596
5602
5604
5597
5603
5605
5598
5604
5606
5599
5605
5607
5600
5606
5608
5601
5607
5609
5602
5610
5603
5611
5604
5610
5612
5605
5611
5613
5606
5612
5614
5607
5613
5615
5608
5614
5616
5609
5615
5617
5610
5618
5611
5619
5612
5618
5620
5613
5619
5621
5614
5620
5622
5615
5621
5623
5616
5622
5624
5617
5623
5625
5618
5626
5619
5627
5620
5626
5628
5621
5627
5629
5622
5628
5630
5623
5629
5631
5624
5630
5632
5625
5631
5633
5626
5634
5627
5635
5628
5634
5636
5629
5635
5637
5630
5636
5638
5631
5637
5639
5632
5638
5640
5633
5639
5641
5634
5642
5635
5643
5636
5642
5644
5637
5643
5645
5638
5644
5646
5639
5645
5647
5640
5646
5648
5641
5647
5649
5642
5650
5643
5651
5644
5650
5652
5645
5651
5653
5646
5652
5654
5647
5653
5655
5648
5654
5656
5649
5655
5656
5650
5657
5651
5658
5652
5657
5659
5653
5658
5660
5654
5659
5661
5655
5660
5661
5656
5661
5657
5662
5658
5663
5659
5662
5664
5660
5663
5664
5661
5664
5662
5665
5663
5665
5664
5665
5665
5666
5667
5666
5668
5667
5669
5668
5670
5669
5671
5670
5672
5671
5673
5666
5674
5667
5675
5668
5674
5676
5669
5675
5677
5670
5676
5678
5671
5677
5679
5672
5678
5680
5673
5679
5681
5674
5682
5675
5683
5676
5682
5684
5677
5683
5685
5678
5684
5686
5679
5685
5687
5680
5686
5688
5681
5687
5689
5682
5690
5683
5691
5684
5690
5692
5685
5691
5693
5686
5692
5694
5687
5693
5695
5688
5694
5696
5689
5695
5697
5690
5698
5691
5699
5692
5698
5700
5693
5699
5701
5694
5700
5702
5695
5701
5703
5696
5702
5704
5697
5703
5705
5698
5706
5699
5707
5700
5706
5708
5701
5707
5709
5702
5708
5710
5703
5709
5711
5704
5710
5712
5705
5711
5713
5706
5714
5707
5715
5708
5714
5716
5709
5715
5717
5710
5716
5718
5711
5717
5719
5712
5718
5720
5713
5719
5721
5714
5722
5715
5723
5716
5722
5724
5717
5723
5725
5718
5724
5726
5719
5725
5727
5720
5726
5728
5721
5727
5729
5722
5730
5723
5731
5724
5730
5732
5725
5731
5733
5726
5732
5734
5727
5733
5735
5728
5734
5736
5729
5735
5737
5730
5738
5731
5739
5732
5738
5740
5733
5739
5741
5734
5740
5742
5735
5741
5743
5736
5742
5744
5737
5743
5745
5738
5746
5739
5747
5740
5746
5748
5741
5747
5749
5742
5748
5750
5743
5749
5751
5744
5750
5752
5745
5751
5753
5746
5754
5747
5755
5748
5754
5756
5749
5755
5757
5750
5756
5758
5751
5757
5759
5752
5758
5760
5753
5759
5760
5754
5761
5755
5762
5756
5761
5763
5757
5762
5764
5758
5763
5765
5759
5764
5765
5760
5765
5761
5766
5762
5767
5763
5766
5768
5764
5767
5768
5765
5768
5766
5769
5767
5769
5768
5769
5769
5770
5771
5770
5772
5771
5773
5772
5774
5773
5775
5774
5776
5775
5777
5770
5778
5771
5779
5772
5778
5780
5773
5779
5781
5774
5780
5782
5775
5781
5783
5776
5782
5784
5777
5783
5785
5778
5786
5779
5787
5780
5786
5788
5781
5787
5789
5782
5788
5790
5783
5789
5791
5784
5790
5792
5785
5791
5793
5786
5794
5787
5795
5788
5794
5796
5789
5795
5797
5790
5796
5798
5791
5797
5799
5792
5798
5800
5793
5799
5801
5794
5802
5795
5803
5796
5802
5804
5797
5803
5805
5798
5804
5806
5799
5805
5807
5800
5806
5808
5801
5807
5809
5802
5810
5803
5811
5804
5810
5812
5805
5811
5813
5806
5812
5814
5807
5813
5815
5808
5814
5816
5809
5815
5817
5810
5818
5811
5819
5812
5818
5820
5813
5819
5821
5814
5820
5822
5815
5821
5823
5816
5822
5824
5817
5823
5825
5818
5826
5819
5827
5820
5826
5828
5821
5827
5829
5822
5828
5830
5823
5829
5831
5824
5830
5832
5825
5831
5833
5826
5834
5827
5835
5828
5834
5836
5829
5835
5837
5830
5836
5838
5831
5837
5839
5832
5838
5840
5833
5839
5841
5834
5842
5835
5843
5836
5842
5844
5837
5843
5845
5838
5844
5846
5839
5845
5847
5840
5846
5848
5841
5847
5849
5842
5850
5843
5851
5844
5850
5852
5845
5851
5853
5846
5852
5854
5847
5853
5855
5848
5854
5856
5849
5855
5856
5850
5857
5851
5858
5852
5857
5859
5853
5858
5860
5854
5859
5861
5855
5860
5861
5856
5861
5857
5862
5858
5863
5859
5862
5864
5860
5863
5864
5861
5864
5862
5865
5863
5865
5864
5865
5865
5866
5867
5866
5868
5867
5869
5868
5870
5869
5871
5870
5872
5871
5873
5866
5874
5867
5875
5868
5874
5876
5869
5875
5877
5870
5876
5878
5871
5877
5879
5872
5878
5880
5873
5879
5881
5874
5882
5875
5883
5876
5882
5884
5877
5883
5885
5878
5884
5886
5879
5885
5887
5880
5886
5888
5881
5887
5889
5882
5890
5883
5891
5884
5890
5892
5885
5891
5893
5886
5892
5894
5887
5893
5895
5888
5894
5896
5889
5895
5897
5890
5898
5891
5899
5892
5898
5900
5893
5899
5901
5894
5900
5902
5895
5901
5903
5896
5902
5904
5897
5903
5905
5898
5906
5899
5907
5900
5906
5908
5901
5907
5909
5902
5908
5910
5903
5909
5911
5904
5910
5912
5905
5911
5913
5906
5914
5907
5915
5908
5914
5916
5909
5915
5917
5910
5916
5918
5911
5917
5919
5912
5918
5920
5913
5919
5921
5914
5922
5915
5923
5916
5922
5924
5917
5923
5925
5918
5924
5926
5919
5925
5927
5920
5926
5928
5921
5927
5929
5922
5930
5923
5931
5924
5930
5932
5925
5931
5933
5926
5932
5934
5927
5933
5935
5928
5934
5936
5929
5935
5937
5930
5938
5931
5939
5932
5938
5940
5933
5939
5941
5934
5940
5942
5935
5941
5943
5936
5942
5944
5937
5943
5944
5938
5945
5939
5946
5940
5945
5947
5941
5946
5948
5942
5947
5949
5943
5948
5949
5944
5949
5945
5950
5946
5951
5947
5950
5952
5948
5951
5952
5949
5952
5950
5953
5951
5953
5952
5953
5953
5954
5955
5954
5956
5955
5957
5956
5958
5957
5959
5958
5960
5959
5961
5954
5962
5955
5963
5956
5962
5964
5957
5963
5965
5958
5964
5966
5959
5965
5967
5960
5966
5968
5961
5967
5969
5962
5970
5963
5971
5964
5970
5972
5965
5971
5973
5966
5972
5974
5967
5973
5975
5968
5974
5976
5969
5975
5977
5970
5978
5971
5979
5972
5978
5980
5973
5979
5981
5974
5980
5982
5975
5981
5983
5976
5982
5984
5977
5983
5985
5978
5986
5979
5987
5980
5986
5988
5981
5987
5989
5982
5988
5990
5983
5989
5991
5984
5990
5992
5985
5991
5993
5986
5994
5987
5995
5988
5994
5996
5989
5995
5997
5990
5996
5998
5991
5997
5999
5992
5998
6000
5993
5999
6001
5994
6002
5995
6003
5996
6002
6004
5997
6003
6005
5998
6004
6006
5999
6005
6007
6000
6006
6008
6001
6007
6009
6002
6010
6003
6011
6004
6010
6012
6005
6011
6013
6006
6012
6014
6007
6013
6015
6008
6014
6016
6009
6015
6017
6010
6018
6011
6019
6012
6018
6020
6013
6019
6021
6014
6020
6022
6015
6021
6023
6016
6022
6024
6017
6023
6024
6018
6025
6019
6026
6020
6025
6027
6021
6026
6028
6022
6027
6029
6023
6028
6029
6024
6029
6025
6030
6026
6031
6027
6030
6032
6028
6031
6032
6029
6032
6030
6033
6031
6033
6032
6033
6033
6034
6035
6034
6036
6035
6037
6036
6038
6037
6039
6038
6040
6039
6041
6034
6042
6035
6043
6036
6042
6044
6037
6043
6045
6038
6044
6046
6039
6045
6047
6040
6046
6048
6041
6047
6049
6042
6050
6043
6051
6044
6050
6052
6045
6051
6053
6046
6052
6054
6047
6053
6055
6048
6054
6056
6049
6055
6057
6050
6058
6051
6059
6052
6058
6060
6053
6059
6061
6054
6060
6062
6055
6061
6063
6056
6062
6064
6057
6063
6065
6058
6066
6059
6067
6060
6066
6068
6061
6067
6069
6062
6068
6070
6063
6069
6071
6064
6070
6072
6065
6071
6073
6066
6074
6067
6075
6068
6074
6076
6069
6075
6077
6070
6076
6078
6071
6077
6079
6072
6078
6080
6073
6079
6081
6074
6082
6075
6083
6076
6082
6084
6077
6083
6085
6078
6084
6086
6079
6085
6087
6080
6086
6088
6081
6087
6089
6082
6090
6083
6091
6084
6090
6092
6085
6091
6093
6086
6092
6094
6087
6093
6095
6088
6094
6096
6089
6095
6096
6090
6097
6091
6098
6092
6097
6099
6093
6098
6100
6094
6099
6101
6095
6100
6101
6096
6101
6097
6102
6098
6103
6099
6102
6104
6100
6103
6104
6101
6104
6102
6105
6103
6105
6104
6105
6105
6106
6107
6106
6108
6107
6109
6108
6110
6109
6111
6110
6112
6111
6113
6106
6114
6107
6115
6108
6114
6116
6109
6115
6117
6110
6116
6118
6111
6117
6119
6112
6118
6120
6113
6119
6121
6114
6122
6115
6123
6116
6122
6124
6117
6123
6125
6118
6124
6126
6119
6125
6127
6120
6126
6128
6121
6127
6129
6122
6130
6123
6131
6124
6130
6132
6125
6131
6133
6126
6132
6134
6127
6133
6135
6128
6134
6136
6129
6135
6137
6130
6138
6131
6139
6132
6138
6140
6133
6139
6141
6134
6140
6142
6135
6141
6143
6136
6142
6144
6137
6143
6145
6138
6146
6139
6147
6140
6146
6148
6141
6147
6149
6142
6148
6150
6143
6149
6151
6144
6150
6152
6145
6151
6153
6146
6154
6147
6155
6148
6154
6156
6149
6155
6157
6150
6156
6158
6151
6157
6159
6152
6158
6160
6153
6159
6160
6154
6161
6155
6162
6156
6161
6163
6157
6162
6164
6158
6163
6165
6159
6164
6165
6160
6165
6161
6166
6162
6167
6163
6166
6168
6164
6167
6168
6165
6168
6166
6169
6167
6169
6168
6169
6169
6170
6171
6170
6172
6171
6173
6172
6174
6173
6175
6174
6176
6175
6177
6170
6178
6171
6179
6172
6178
6180
6173
6179
6181
6174
6180
6182
6175
6181
6183
6176
6182
6184
6177
6183
6185
6178
6186
6179
6187
6180
6186
6188
6181
6187
6189
6182
6188
6190
6183
6189
6191
6184
6190
6192
6185
6191
6193
6186
6194
6187
6195
6188
6194
6196
6189
6195
6197
6190
6196
6198
6191
6197
6199
6192
6198
6200
6193
6199
6201
6194
6202
6195
6203
6196
6202
6204
6197
6203
6205
6198
6204
6206
6199
6205
6207
6200
6206
6208
6201
6207
6209
6202
6210
6203
6211
6204
6210
6212
6205
6211
6213
6206
6212
6214
6207
6213
6215
6208
6214
6216
6209
6215
6216
6210
6217
6211
6218
6212
6217
6219
6213
6218
6220
6214
6219
6221
6215
6220
6221
6216
6221
6217
6222
6218
6223
6219
6222
6224
6220
6223
6224
6221
6224
6222
6225
6223
6225
6224
6225
6225
6226
6227
6226
6228
6227
6229
6228
6230
6229
6231
6230
6232
6231
6233
6226
6234
6227
6235
6228
6234
6236
6229
6235
6237
6230
6236
6238
6231
6237
6239
6232
6238
6240
6233
6239
6241
6234
6242
6235
6243
6236
6242
6244
6237
6243
6245
6238
6244
6246
6239
6245
6247
6240
6246
6248
6241
6247
6249
6242
6250
6243
6251
6244
6250
6252
6245
6251
6253
6246
6252
6254
6247
6253
6255
6248
6254
6256
6249
6255
6257
6250
6258
6251
6259
6252
6258
6260
6253
6259
6261
6254
6260
6262
6255
6261
6263
6256
6262
6264
6257
6263
6264
6258
6265
6259
6266
6260
6265
6267
6261
6266
6268
6262
6267
6269
6263
6268
6269
6264
6269
6265
6270
6266
6271
6267
6270
6272
6268
6271
6272
6269
6272
6270
6273
6271
6273
6272
6273
6273
6274
6275
6274
6276
6275
6277
6276
6278
6277
6279
6278
6280
6279
6281
6274
6282
6275
6283
6276
6282
6284
6277
6283
6285
6278
6284
6286
6279
6285
6287
6280
6286
6288
6281
6287
6289
6282
6290
6283
6291
6284
6290
6292
6285
6291
6293
6286
6292
6294
6287
6293
6295
6288
6294
6296
6289
6295
6297
6290
6298
6291
6299
6292
6298
6300
6293
6299
6301
6294
6300
6302
6295
6301
6303
6296
6302
6304
6297
6303
6304
6298
6305
6299
6306
6300
6305
6307
6301
6306
6308
6302
6307
6309
6303
6308
6309
6304
6309
6305
6310
6306
6311
6307
6310
6312
6308
6311
6312
6309
6312
6310
6313
6311
6313
6312
6313
6313
6314
6315
6314
6316
6315
6317
6316
6318
6317
6319
6318
6320
6319
6321
6314
6322
6315
6323
6316
6322
6324
6317
6323
6325
6318
6324
6326
6319
6325
6327
6320
6326
6328
6321
6327
6329
6322
6330
6323
6331
6324
6330
6332
6325
6331
6333
6326
6332
6334
6327
6333
6335
6328
6334
6336
6329
6335
6336
6330
6337
6331
6338
6332
6337
6339
6333
6338
6340
6334
6339
6341
6335
6340
6341
6336
6341
6337
6342
6338
6343
6339
6342
6344
6340
6343
6344
6341
6344
6342
6345
6343
6345
6344
6345
6345
6346
6347
6346
6348
6347
6349
6348
6350
6349
6351
6350
6352
6351
6353
6346
6354
6347
6355
6348
6354
6356
6349
6355
6357
6350
6356
6358
6351
6357
6359
6352
6358
6360
6353
6359
6360
6354
6361
6355
6362
6356
6361
6363
6357
6362
6364
6358
6363
6365
6359
6364
6365
6360
6365
6361
6366
6362
6367
6363
6366
6368
6364
6367
6368
6365
6368
6366
6369
6367
6369
6368
6369
6369
6370
6371
6370
6372
6371
6373
6372
6374
6373
6375
6374
6376
6375
6376
6370
6377
6371
6378
6372
6377
6379
6373
6378
6380
6374
6379
6381
6375
6380
6381
6376
6381
6377
6382
6378
6383
6379
6382
6384
6380
6383
6384
6381
6384
6382
6385
6383
6385
6384
6385
6385
6386
6387
6386
6388
6387
6389
6388
6390
6389
6390
6390
6386
6391
6387
6392
6388
6391
6393
6389
6392
6393
6390
6393
6391
6394
6392
6394
6393
6394
6394
6395
6396
6395
6397
6396
6397
6397
6395
6398
6396
6398
6397
6398
6398
6399
6399
6399
6399
)


// ************************************************************************* //
