/*--------------------------------*- C++ -*----------------------------------*\
| =========                 |                                                 |
| \\      /  F ield         | OpenFOAM: The Open Source CFD Toolbox           |
|  \\    /   O peration     | Version:  2106                                  |
|   \\  /    A nd           | Website:  www.openfoam.com                      |
|    \\/     M anipulation  |                                                 |
\*---------------------------------------------------------------------------*/
FoamFile
{
    version     2.0;
    format      ascii;
    arch        "LSB;label=32;scalar=64";
    class       cellSet;
    location    "constant/fuel/polyMesh/sets";
    object      fuel158;
}
// * * * * * * * * * * * * * * * * * * * * * * * * * * * * * * * * * * * * * //


1600
(
0
1
2
3
4
5
6
7
8
9
10
11
12
13
14
15
16
17
18
19
20
21
22
24
25
26
27
28
29
30
31
12320
32
33
34
35
36
37
38
40
41
42
43
44
45
49
50
51
52
53
54
55
56
57
58
59
60
61
62
63
12352
12353
65
12354
66
67
68
69
70
4167
74
75
76
77
78
79
85
86
87
88
89
90
91
92
93
94
95
12384
96
12385
97
12386
98
12387
99
101
102
103
104
105
106
110
111
112
113
114
115
121
122
123
124
125
126
134
135
136
137
138
139
140
141
142
143
144
145
146
147
148
150
151
152
153
154
155
159
160
161
162
163
164
170
171
172
173
174
175
183
184
185
186
187
188
198
199
200
201
202
203
204
205
206
207
208
209
210
211
212
214
215
216
217
218
219
223
224
225
226
227
228
234
235
236
237
238
239
247
248
249
250
251
252
262
263
264
265
266
267
279
280
281
282
283
284
285
286
287
288
289
290
291
292
294
295
296
297
298
299
303
304
305
306
307
308
314
315
316
317
318
12607
319
327
328
329
330
331
332
342
343
344
345
346
347
12639
12640
12641
359
360
361
362
363
364
378
379
380
381
382
12671
383
12672
384
12673
385
12674
386
387
388
389
391
392
393
394
395
396
400
401
402
403
404
405
411
412
413
12702
414
12703
415
12704
416
12705
424
425
426
427
428
429
439
440
441
442
443
444
456
457
458
459
460
461
475
476
477
478
479
480
496
497
498
499
500
501
503
504
505
506
507
508
509
510
511
515
516
517
518
519
520
526
527
528
529
530
531
539
540
541
542
543
544
554
555
556
557
558
559
571
572
573
574
575
576
590
591
592
593
594
595
12891
611
612
613
614
615
616
634
12923
635
12924
636
12925
637
638
639
643
644
645
646
647
648
649
650
651
652
653
654
660
661
662
663
664
665
12955
12956
12957
12958
673
674
675
676
677
678
688
689
690
691
692
693
12986
12987
12988
12989
705
706
707
708
709
710
724
725
726
13015
727
13016
728
13017
729
13018
745
746
747
748
749
750
768
769
770
771
772
773
793
794
795
796
797
798
805
806
807
808
809
810
811
812
813
814
815
816
817
818
819
827
828
829
830
831
832
842
843
844
845
846
847
859
860
861
862
863
864
878
879
880
881
13170
882
883
899
900
901
902
903
904
13202
13203
13204
922
923
924
925
926
927
13234
13235
947
13236
948
13237
949
950
951
952
974
975
976
13265
977
13266
978
13267
979
13268
990
991
992
993
994
995
996
997
998
999
1000
1001
1002
1003
1004
1005
13294
1006
13295
1007
13296
13297
1017
1018
1019
1020
1021
1022
13321
13322
1034
13323
1035
13324
1036
1037
1038
1039
1053
1054
1055
1056
1057
1058
1074
1075
1076
1077
1078
1079
1097
1098
1099
1100
1101
1102
1122
1123
1124
1125
1126
1127
1149
1150
1151
1152
1153
13442
1154
1178
1179
1180
1181
1182
1183
13474
13475
13476
1199
1200
1201
1202
1203
1204
1205
1206
1207
1208
1209
1210
1211
1212
1213
1214
1215
1216
1217
13506
1218
13507
1219
13508
13509
1231
1232
1233
1234
1235
1236
13537
13538
1250
13539
1251
13540
1252
1253
1254
1255
1271
1272
1273
1274
1275
1276
13566
13567
13568
13569
1294
1295
1296
1297
1298
1299
13593
13594
13595
13596
1319
1320
1321
1322
1323
1324
13618
13619
13620
13621
1346
1347
1348
1349
1350
1351
1375
1376
1377
1378
1379
1380
1406
1407
1408
1409
1410
1411
13713
1433
1434
1435
1436
1437
1438
1439
1440
1441
1442
1443
1444
1445
1446
1447
1448
13737
1449
13738
1450
13739
1451
1452
1453
1454
1455
1469
1470
1471
1472
1473
13769
13770
13771
13772
1489
1490
1491
1492
1493
1494
13800
1512
13801
1513
13802
1514
13803
1515
1516
1517
1537
1538
1539
1540
13829
1541
13830
1542
13831
13832
1564
1565
1566
1567
13856
1568
13857
1569
13858
13859
13881
1593
13882
1594
13883
1595
13884
1596
1597
1598
13904
13905
13906
13907
1624
1625
1626
1627
1628
1629
13925
1657
1658
1659
1660
1661
1690
1691
1692
1693
1694
1695
1696
1697
1698
1699
1700
1701
1702
1703
1704
1705
1706
1707
1708
13997
1709
13998
1710
13999
1711
1712
1728
1729
1730
1731
14021
14022
14023
14024
1749
1750
1751
1752
1753
1754
14052
14053
14054
14055
1774
1775
1776
1777
1778
1779
14081
14082
14083
14084
1801
1802
1803
1804
1805
1806
14108
14109
14110
14111
1830
1831
1832
1833
1834
1835
14133
14134
14135
14136
1861
1862
1863
1864
1865
1866
14156
14157
14158
14159
14177
14178
14179
14180
1894
1895
1896
1897
1898
14196
14197
14198
1928
1929
1930
1967
1968
1969
1970
1971
1972
1973
1974
1975
1976
1977
1978
1979
14268
1980
14269
1981
14270
1982
14271
1983
1984
1985
1986
1987
14291
14292
14293
2005
14294
2006
2007
2027
2028
2029
2030
2031
14320
2032
14321
14322
14323
2054
2055
2056
2057
2058
14347
2059
14348
14349
14350
2083
14372
2084
14373
2085
14374
2086
14375
2087
2088
14395
14396
14397
14398
2114
2115
2116
2117
2118
2119
14416
14417
14418
14419
14435
2147
14436
2148
14437
2149
14438
2150
2151
14452
14453
14454
14455
14456
2181
2182
2183
2215
14523
14524
14525
14526
14544
14545
14546
14547
2260
2261
2262
2263
2264
2265
2266
2267
2268
2269
2270
2271
2272
2273
2274
2275
2276
2277
14571
14572
14573
14574
2296
2297
2298
14596
14597
14598
14599
2320
2321
2322
2323
2324
2325
14619
14620
14621
14622
2349
2350
2351
14640
2352
14641
2353
14642
2354
14643
14659
14660
14661
14662
2380
2381
2382
2383
2384
2385
14676
14677
14678
14679
14691
14692
14693
14694
14695
14696
14697
2413
2414
2415
2416
2417
2447
2448
2449
14760
14761
14762
14763
2481
14779
14780
14781
14782
14804
14805
14806
14807
14827
14828
14829
14830
14848
14849
14850
14851
2565
2566
2567
2568
2569
2570
2571
2572
2573
2574
2575
2576
2577
2578
14867
2579
14868
14869
14870
14884
14885
14886
14887
2599
2600
2601
14899
14900
14901
14902
14912
14913
2625
14914
2626
14915
2627
14916
2628
14917
2629
14918
2630
14919
14920
2656
2657
2658
2659
2660
2661
2689
14978
2690
14979
2691
14980
2692
14981
2693
14995
14996
14997
14998
2723
2724
2725
15018
15019
15020
15021
15039
15040
15041
15042
2757
15058
15059
15060
15061
15075
15076
15077
15078
15090
15091
15092
15093
15103
15104
15105
15106
15114
15115
15116
15117
15118
15119
15120
15121
15122
15123
15124
2879
2880
2881
2882
2883
2884
2885
2886
2887
15176
2888
15177
2889
15178
2890
15179
15191
15192
15193
15194
2911
2912
2913
15212
15213
15214
15215
2939
2940
2941
2942
15231
2943
15232
2944
15233
15234
15248
15249
15250
15251
2972
2973
2974
15263
2975
15264
2976
15265
15266
15276
15277
15278
15279
15287
15288
15289
15290
3006
3007
15296
3008
15297
15298
15299
15300
15301
15302
15303
15304
15305
15306
15307
15308
3040
15353
15354
15355
15356
15366
15367
15368
15369
15385
15386
15387
15388
15402
15403
15404
15405
15417
15418
15419
15420
15430
15431
15432
15433
15441
15442
15443
15444
15450
15451
15452
15453
15457
15458
15459
15460
15461
15462
15463
15464
15465
15466
15467
15468
15469
15470
15471
3199
3200
3201
3202
3203
3204
3205
3206
3207
15508
15509
15510
15511
3229
3230
15519
3231
15520
15521
15522
15536
15537
15538
15539
3259
3260
3261
3262
15551
3263
15552
15553
15554
15564
15565
15566
15567
15575
15576
15577
15578
3293
3294
3295
15584
15585
15586
15587
15591
15592
15593
15594
15596
15597
15598
15599
15600
15601
15602
15603
15604
15605
15606
15607
15608
15609
15610
15611
3327
15640
15641
15642
15649
15650
15651
15652
15664
15665
15666
15667
15677
15678
15679
15680
15688
15689
15690
15691
15697
15698
15699
15700
15704
15705
15706
15707
15709
15710
15711
15712
15713
15714
15715
15716
15717
15718
15719
15720
15721
15722
15723
15724
15725
15726
15748
15749
15755
15756
15757
15758
15768
15769
15770
15771
15779
15780
15781
15782
15788
15789
15790
15791
15795
15796
15797
15798
15800
15801
15802
15803
15804
15805
15806
15807
15808
15809
15810
3522
15811
3523
15812
3524
15813
3525
15814
3526
15815
3527
15816
15832
15833
15838
3550
15839
3551
15840
11744
15841
15849
15850
15851
15852
15858
15859
15860
15861
15865
15866
15867
15868
3581
15870
3582
15871
3583
15872
15873
15874
15875
15876
15877
15878
15879
15880
15881
15882
15883
15884
15895
15896
15900
15901
15902
15903
3615
15909
15910
15911
15912
15916
15917
15918
15919
15921
15922
15923
15924
15925
15926
15927
15928
15929
15930
15931
15932
15933
15940
15941
15944
15945
15946
15947
15951
15952
15953
15954
15956
15957
15958
15959
15960
15961
15962
15963
15964
15965
15966
15970
15971
15973
15974
15975
15976
15978
15979
15980
15981
15982
15983
15984
15985
15986
15988
15989
15990
15991
15992
15993
15994
15995
15996
15997
15998
15999
12032
3845
3846
3847
3871
12064
12065
12066
3903
)


// ************************************************************************* //
