/*--------------------------------*- C++ -*----------------------------------*\
| =========                 |                                                 |
| \\      /  F ield         | OpenFOAM: The Open Source CFD Toolbox           |
|  \\    /   O peration     | Version:  2106                                  |
|   \\  /    A nd           | Website:  www.openfoam.com                      |
|    \\/     M anipulation  |                                                 |
\*---------------------------------------------------------------------------*/
FoamFile
{
    version     2.0;
    format      ascii;
    arch        "LSB;label=32;scalar=64";
    class       cellSet;
    location    "constant/fuel/polyMesh/sets";
    object      fuel158Set;
}
// * * * * * * * * * * * * * * * * * * * * * * * * * * * * * * * * * * * * * //


1600
(
0
1
2
3
4
5
2054
6
2055
7
2056
8
2057
9
2058
10
14347
2059
11
14348
12
14349
13
14350
14
15
16
17
18
19
20
21
22
24
25
26
27
28
29
30
31
12320
32
33
34
2083
35
14372
2084
36
14373
2085
37
14374
2086
38
14375
2087
2088
40
41
42
43
44
45
49
50
51
52
53
54
55
56
57
58
14395
59
14396
60
14397
61
14398
62
63
12352
12353
65
12354
2114
66
2115
67
2116
68
2117
69
2118
70
4167
2119
74
75
76
77
78
79
14416
14417
14418
14419
85
86
87
88
89
90
91
92
93
94
95
12384
96
12385
97
12386
98
14435
12387
2147
99
14436
2148
14437
2149
101
14438
2150
102
2151
103
104
105
106
110
111
112
113
114
115
14452
14453
14454
14455
14456
121
122
123
124
125
126
2181
2182
134
2183
135
136
137
138
139
140
141
142
143
144
145
146
147
148
150
151
152
153
154
155
159
160
161
162
163
164
2215
170
171
172
173
174
175
183
184
185
186
14523
187
14524
188
14525
14526
198
199
200
201
202
203
204
205
206
207
14544
208
14545
209
14546
210
14547
211
2260
212
2261
2262
214
2263
215
2264
216
2265
217
2266
218
2267
219
2268
2269
2270
2271
223
2272
224
2273
225
2274
226
2275
227
2276
228
2277
234
14571
235
14572
236
14573
237
14574
238
239
247
2296
248
2297
249
2298
250
251
252
14596
14597
14598
262
14599
263
264
265
266
267
2320
2321
2322
2323
2324
2325
279
280
281
282
14619
283
14620
284
14621
285
14622
286
287
288
289
290
291
292
294
295
296
297
298
299
2349
2350
2351
303
14640
2352
304
14641
2353
305
14642
2354
306
14643
307
308
314
315
316
317
318
12607
319
14659
14660
14661
14662
327
328
329
330
331
2380
332
2381
2382
2383
2384
2385
14676
14677
14678
342
14679
343
344
345
346
347
12639
12640
12641
14691
14692
14693
14694
14695
359
14696
360
14697
361
362
363
364
2413
2414
2415
2416
2417
378
379
380
381
382
12671
383
12672
384
12673
385
12674
386
387
388
389
391
392
393
394
395
396
2447
2448
400
2449
401
402
403
404
405
411
412
413
12702
414
12703
415
12704
416
12705
14760
424
14761
425
14762
426
14763
427
428
429
2481
439
440
441
442
14779
443
14780
444
14781
14782
456
457
458
459
460
461
14804
14805
14806
14807
475
476
477
478
479
480
14827
14828
14829
14830
496
497
498
499
500
501
503
504
505
506
507
508
509
510
511
14848
14849
14850
14851
515
516
2565
517
2566
518
2567
519
2568
520
2569
2570
2571
2572
2573
2574
526
2575
527
2576
528
2577
529
2578
530
14867
2579
531
14868
14869
14870
539
540
541
542
543
544
14884
14885
14886
14887
2599
2600
2601
554
555
556
557
558
559
14899
14900
14901
14902
571
572
573
574
575
14912
576
14913
2625
14914
2626
14915
2627
14916
2628
14917
2629
14918
2630
14919
14920
590
591
592
593
594
595
12891
2656
2657
2658
2659
611
2660
612
2661
613
614
615
616
634
12923
635
12924
636
12925
637
638
639
2689
14978
2690
14979
2691
643
14980
2692
644
14981
2693
645
646
647
648
649
650
651
652
653
654
14995
14996
660
14997
661
14998
662
663
664
665
12955
12956
12957
12958
673
674
2723
675
2724
676
2725
677
678
15018
15019
15020
15021
688
689
690
691
692
693
12986
12987
12988
12989
15039
15040
15041
705
15042
706
707
708
2757
709
710
15058
15059
15060
724
15061
725
726
13015
727
13016
728
13017
729
13018
15075
15076
15077
15078
745
746
747
748
749
750
15090
15091
15092
15093
15103
15104
768
15105
769
15106
770
771
772
773
15114
15115
15116
15117
15118
15119
15120
15121
15122
15123
15124
793
794
795
796
797
798
805
806
807
808
809
810
811
812
813
814
815
816
817
818
819
827
828
829
830
2879
831
2880
832
2881
2882
2883
2884
2885
2886
2887
15176
2888
15177
2889
15178
2890
842
15179
843
844
845
846
847
15191
15192
15193
15194
859
860
861
862
2911
863
2912
864
2913
15212
15213
15214
878
15215
879
880
881
13170
882
883
2939
2940
2941
2942
15231
2943
15232
2944
15233
15234
899
900
901
902
903
904
15248
15249
15250
13202
15251
13203
13204
922
923
2972
924
2973
925
2974
926
15263
2975
927
15264
2976
15265
15266
15276
15277
15278
15279
13234
13235
947
13236
948
13237
949
950
15287
951
15288
952
15289
15290
3006
3007
15296
3008
15297
15298
15299
15300
15301
15302
15303
15304
15305
15306
15307
15308
974
975
976
13265
977
13266
978
13267
979
13268
990
991
3040
992
993
994
995
996
997
998
999
1000
1001
1002
1003
1004
1005
13294
1006
13295
1007
13296
13297
15353
1017
15354
1018
15355
1019
15356
1020
1021
1022
15366
15367
15368
15369
13321
13322
1034
13323
1035
13324
1036
1037
1038
1039
15385
15386
15387
15388
1053
1054
1055
1056
1057
1058
15402
15403
15404
15405
1074
1075
1076
1077
1078
1079
15417
15418
15419
15420
15430
15431
15432
15433
1097
1098
1099
1100
1101
1102
15441
15442
15443
15444
15450
15451
15452
15453
15457
15458
1122
15459
1123
15460
1124
15461
1125
15462
1126
15463
1127
15464
15465
15466
15467
15468
15469
15470
15471
1149
1150
3199
1151
3200
1152
3201
1153
13442
3202
1154
3203
3204
3205
3206
3207
15508
15509
15510
15511
1178
1179
1180
3229
1181
3230
1182
15519
3231
1183
15520
15521
15522
13474
13475
13476
1199
15536
1200
15537
1201
15538
1202
15539
1203
1204
1205
1206
1207
1208
1209
1210
3259
1211
3260
1212
3261
1213
3262
1214
15551
3263
1215
15552
1216
15553
1217
15554
13506
1218
13507
1219
13508
13509
15564
15565
15566
15567
1231
1232
1233
1234
1235
1236
15575
15576
15577
15578
3293
3294
3295
15584
15585
13537
15586
13538
1250
15587
13539
1251
13540
1252
1253
1254
15591
1255
15592
15593
15594
15596
15597
15598
15599
15600
15601
15602
15603
15604
15605
15606
15607
1271
15608
1272
15609
1273
15610
1274
15611
1275
1276
13566
13567
3327
13568
13569
1294
1295
1296
1297
1298
1299
15640
15641
13593
15642
13594
13595
13596
15649
15650
15651
15652
1319
1320
1321
1322
1323
1324
15664
15665
15666
13618
15667
13619
13620
13621
15677
15678
15679
15680
1346
1347
1348
1349
1350
1351
15688
15689
15690
15691
15697
15698
15699
15700
15704
15705
15706
15707
15709
15710
15711
1375
15712
1376
15713
1377
15714
1378
15715
1379
15716
1380
15717
15718
15719
15720
15721
15722
15723
15724
15725
15726
1406
1407
1408
1409
1410
1411
15748
15749
15755
15756
15757
15758
13713
15768
15769
1433
15770
1434
15771
1435
1436
1437
1438
1439
1440
1441
1442
15779
1443
15780
1444
15781
1445
15782
1446
1447
1448
13737
1449
13738
1450
13739
1451
15788
1452
15789
1453
15790
1454
15791
1455
15795
15796
15797
15798
15800
15801
15802
15803
15804
15805
1469
15806
1470
15807
1471
15808
1472
15809
1473
15810
3522
15811
3523
15812
3524
15813
3525
15814
3526
15815
3527
15816
13769
13770
13771
13772
1489
1490
1491
1492
1493
1494
15832
15833
15838
3550
15839
3551
15840
11744
15841
13800
1512
15849
13801
1513
15850
13802
1514
15851
13803
1515
15852
1516
1517
15858
15859
15860
15861
15865
15866
15867
15868
3581
15870
3582
15871
3583
15872
15873
1537
15874
1538
15875
1539
15876
1540
15877
13829
1541
15878
13830
1542
15879
13831
15880
13832
15881
15882
15883
15884
15895
15896
15900
1564
15901
1565
15902
1566
15903
3615
1567
13856
1568
13857
1569
13858
13859
15909
15910
15911
15912
15916
15917
15918
15919
15921
15922
15923
15924
15925
15926
15927
15928
15929
13881
1593
15930
13882
1594
15931
13883
1595
15932
13884
1596
15933
1597
1598
15940
15941
15944
15945
15946
15947
15951
15952
13904
15953
13905
15954
13906
13907
15956
15957
15958
15959
15960
1624
15961
1625
15962
1626
15963
1627
15964
1628
15965
1629
15966
15970
15971
15973
13925
15974
15975
15976
15978
15979
15980
15981
15982
15983
15984
15985
15986
15988
15989
15990
15991
15992
15993
1657
15994
1658
15995
1659
15996
1660
15997
1661
15998
15999
1690
1691
1692
1693
1694
1695
1696
1697
1698
1699
1700
1701
1702
1703
1704
1705
1706
1707
1708
13997
1709
13998
1710
13999
1711
1712
1728
1729
1730
1731
14021
14022
14023
14024
1749
1750
1751
1752
1753
1754
14052
14053
14054
14055
1774
1775
1776
1777
1778
1779
12032
14081
14082
14083
14084
3845
3846
3847
1801
1802
1803
1804
1805
1806
14108
14109
14110
14111
3871
12064
12065
12066
1830
1831
1832
1833
1834
1835
14133
14134
14135
14136
3903
1861
1862
1863
1864
1865
1866
14156
14157
14158
14159
14177
14178
14179
14180
1894
1895
1896
1897
1898
14196
14197
14198
1928
1929
1930
1967
1968
1969
1970
1971
1972
1973
1974
1975
1976
1977
1978
1979
14268
1980
14269
1981
14270
1982
14271
1983
1984
1985
1986
1987
14291
14292
14293
2005
14294
2006
2007
2027
2028
2029
2030
2031
14320
2032
14321
14322
14323
)


// ************************************************************************* //
