/*--------------------------------*- C++ -*----------------------------------*\
| =========                 |                                                 |
| \\      /  F ield         | OpenFOAM: The Open Source CFD Toolbox           |
|  \\    /   O peration     | Version:  2106                                  |
|   \\  /    A nd           | Website:  www.openfoam.com                      |
|    \\/     M anipulation  |                                                 |
\*---------------------------------------------------------------------------*/
FoamFile
{
    version     2.0;
    format      ascii;
    arch        "LSB;label=32;scalar=64";
    class       volScalarField;
    location    "0/coolant";
    object      yPlus;
}
// * * * * * * * * * * * * * * * * * * * * * * * * * * * * * * * * * * * * * //

dimensions      [0 0 0 0 0 0 0];

internalField   uniform 0;

boundaryField
{
    zmin
    {
        type            calculated;
        value           uniform 0;
    }
    zmax
    {
        type            calculated;
        value           uniform 0;
    }
    walls
    {
        type            symmetry;
    }
    coolant_to_cladding
    {
        type            calculated;
        value           nonuniform List<scalar> 
1600
(
5.9741764
5.9741764
5.9741764
5.9741764
5.9741764
5.9741764
5.9741764
5.9741764
5.9741764
5.9741764
5.9741764
5.9741764
5.9741764
5.9741764
5.9741764
5.9741764
5.9741764
5.9741764
5.9741764
5.9741764
5.9741764
5.9741764
5.9741764
5.9741764
5.9741764
5.9741764
5.9741764
5.9741764
5.9741764
5.9741764
5.9741764
5.9741764
5.9741764
5.9741764
5.9741764
5.9741764
5.9741764
5.9741764
5.9741764
5.9741764
5.9741764
5.9741764
5.9741764
5.9741764
5.9741764
5.9741764
5.9741764
5.9741764
5.9741764
5.9741764
5.0887778
5.0887778
5.0887778
5.0887778
5.0887778
5.0887778
5.0887778
5.0887778
5.0887778
5.0887778
5.0887778
5.0887778
5.0887778
5.0887778
5.0887778
5.0887778
5.0887778
5.0887778
5.0887778
5.0887778
5.0887778
5.0887778
5.0887778
5.0887778
5.0887778
5.0887778
5.0887778
5.0887778
5.0887778
5.0887778
5.0887778
5.0887778
5.0887778
5.0887778
5.0887778
5.0887778
5.0887778
5.0887778
5.0887778
5.0887778
5.0887778
5.0887778
5.0887778
5.0887778
5.0887778
5.0887778
5.0887778
5.0887778
5.0887778
5.0887778
4.3502058
4.3502058
4.3502058
4.3502058
4.3502058
4.3502058
4.3502058
4.3502058
4.3502058
4.3502058
4.3502058
4.3502058
4.3502058
4.3502058
4.3502058
4.3502058
4.3502058
4.3502058
4.3502058
4.3502058
4.3502058
4.3502058
4.3502058
4.3502058
4.3502058
4.3502058
4.3502058
4.3502058
4.3502058
4.3502058
4.3502058
4.3502058
4.3502058
4.3502058
4.3502058
4.3502058
4.3502058
4.3502058
4.3502058
4.3502058
4.3502058
4.3502058
4.3502058
4.3502058
4.3502058
4.3502058
4.3502058
4.3502058
4.3502058
4.3502058
3.9094202
3.9094202
3.9094202
3.9094202
3.9094202
3.9094202
3.9094202
3.9094202
3.9094202
3.9094202
3.9094202
3.9094202
3.9094202
3.9094202
3.9094202
3.9094202
3.9094202
3.9094202
3.9094202
3.9094202
3.9094202
3.9094202
3.9094202
3.9094202
3.9094202
3.9094202
3.9094202
3.9094202
3.9094202
3.9094202
3.9094202
3.9094202
3.9094202
3.9094202
3.9094202
3.9094202
3.9094202
3.9094202
3.9094202
3.9094202
3.9094202
3.9094202
3.9094202
3.9094202
3.9094202
3.9094202
3.9094202
3.9094202
3.9094202
3.9094202
3.909419
3.909419
3.909419
3.909419
3.909419
3.909419
3.909419
3.909419
3.909419
3.909419
3.909419
3.909419
3.909419
3.909419
3.909419
3.909419
3.909419
3.909419
3.909419
3.909419
3.909419
3.909419
3.909419
3.909419
3.909419
3.909419
3.909419
3.909419
3.909419
3.909419
3.909419
3.909419
3.909419
3.909419
3.909419
3.909419
3.909419
3.909419
3.909419
3.909419
3.909419
3.909419
3.909419
3.909419
3.909419
3.909419
3.909419
3.909419
3.909419
3.909419
4.3502028
4.3502028
4.3502028
4.3502028
4.3502028
4.3502028
4.3502028
4.3502028
4.3502028
4.3502028
4.3502028
4.3502028
4.3502028
4.3502028
4.3502028
4.3502028
4.3502028
4.3502028
4.3502028
4.3502028
4.3502028
4.3502028
4.3502028
4.3502028
4.3502028
4.3502028
4.3502028
4.3502028
4.3502028
4.3502028
4.3502028
4.3502028
4.3502028
4.3502028
4.3502028
4.3502028
4.3502028
4.3502028
4.3502028
4.3502028
4.3502028
4.3502028
4.3502028
4.3502028
4.3502028
4.3502028
4.3502028
4.3502028
4.3502028
4.3502028
5.0886849
5.0886849
5.0886849
5.0886849
5.0886849
5.0886849
5.0886849
5.0886849
5.0886849
5.0886849
5.0886849
5.0886849
5.0886849
5.0886849
5.0886849
5.0886849
5.0886849
5.0886849
5.0886849
5.0886849
5.0886849
5.0886849
5.0886849
5.0886849
5.0886849
5.0886849
5.0886849
5.0886849
5.0886849
5.0886849
5.0886849
5.0886849
5.0886849
5.0886849
5.0886849
5.0886849
5.0886849
5.0886849
5.0886849
5.0886849
5.0886849
5.0886849
5.0886849
5.0886849
5.0886849
5.0886849
5.0886849
5.0886849
5.0886849
5.0886849
5.9741165
5.9741165
5.9741165
5.9741165
5.9741165
5.9741165
5.9741165
5.9741165
5.9741165
5.9741165
5.9741165
5.9741165
5.9741165
5.9741165
5.9741165
5.9741165
5.9741165
5.9741165
5.9741165
5.9741165
5.9741165
5.9741165
5.9741165
5.9741165
5.9741165
5.9741165
5.9741165
5.9741165
5.9741165
5.9741165
5.9741165
5.9741165
5.9741165
5.9741165
5.9741165
5.9741165
5.9741165
5.9741165
5.9741165
5.9741165
5.9741165
5.9741165
5.9741165
5.9741165
5.9741165
5.9741165
5.9741165
5.9741165
5.9741165
5.9741165
5.9741764
5.9741764
5.9741764
5.9741764
5.9741764
5.9741764
5.9741764
5.9741764
5.9741764
5.9741764
5.9741764
5.9741764
5.9741764
5.9741764
5.9741764
5.9741764
5.9741764
5.9741764
5.9741764
5.9741764
5.9741764
5.9741764
5.9741764
5.9741764
5.9741764
5.9741764
5.9741764
5.9741764
5.9741764
5.9741764
5.9741764
5.9741764
5.9741764
5.9741764
5.9741764
5.9741764
5.9741764
5.9741764
5.9741764
5.9741764
5.9741764
5.9741764
5.9741764
5.9741764
5.9741764
5.9741764
5.9741764
5.9741764
5.9741764
5.9741764
5.0887778
5.0887778
5.0887778
5.0887778
5.0887778
5.0887778
5.0887778
5.0887778
5.0887778
5.0887778
5.0887778
5.0887778
5.0887778
5.0887778
5.0887778
5.0887778
5.0887778
5.0887778
5.0887778
5.0887778
5.0887778
5.0887778
5.0887778
5.0887778
5.0887778
5.0887778
5.0887778
5.0887778
5.0887778
5.0887778
5.0887778
5.0887778
5.0887778
5.0887778
5.0887778
5.0887778
5.0887778
5.0887778
5.0887778
5.0887778
5.0887778
5.0887778
5.0887778
5.0887778
5.0887778
5.0887778
5.0887778
5.0887778
5.0887778
5.0887778
4.3502028
4.3502028
4.3502028
4.3502028
4.3502028
4.3502028
4.3502028
4.3502028
4.3502028
4.3502028
4.3502028
4.3502028
4.3502028
4.3502028
4.3502028
4.3502028
4.3502028
4.3502028
4.3502028
4.3502028
4.3502028
4.3502028
4.3502028
4.3502028
4.3502028
4.3502028
4.3502028
4.3502028
4.3502028
4.3502028
4.3502028
4.3502028
4.3502028
4.3502028
4.3502028
4.3502028
4.3502028
4.3502028
4.3502028
4.3502028
4.3502028
4.3502028
4.3502028
4.3502028
4.3502028
4.3502028
4.3502028
4.3502028
4.3502028
4.3502028
3.909419
3.909419
3.909419
3.909419
3.909419
3.909419
3.909419
3.909419
3.909419
3.909419
3.909419
3.909419
3.909419
3.909419
3.909419
3.909419
3.909419
3.909419
3.909419
3.909419
3.909419
3.909419
3.909419
3.909419
3.909419
3.909419
3.909419
3.909419
3.909419
3.909419
3.909419
3.909419
3.909419
3.909419
3.909419
3.909419
3.909419
3.909419
3.909419
3.909419
3.909419
3.909419
3.909419
3.909419
3.909419
3.909419
3.909419
3.909419
3.909419
3.909419
3.909419
3.909419
3.909419
3.909419
3.909419
3.909419
3.909419
3.909419
3.909419
3.909419
3.909419
3.909419
3.909419
3.909419
3.909419
3.909419
3.909419
3.909419
3.909419
3.909419
3.909419
3.909419
3.909419
3.909419
3.909419
3.909419
3.909419
3.909419
3.909419
3.909419
3.909419
3.909419
3.909419
3.909419
3.909419
3.909419
3.909419
3.909419
3.909419
3.909419
3.909419
3.909419
3.909419
3.909419
3.909419
3.909419
3.909419
3.909419
3.909419
3.909419
4.3502028
4.3502028
4.3502028
4.3502028
4.3502028
4.3502028
4.3502028
4.3502028
4.3502028
4.3502028
4.3502028
4.3502028
4.3502028
4.3502028
4.3502028
4.3502028
4.3502028
4.3502028
4.3502028
4.3502028
4.3502028
4.3502028
4.3502028
4.3502028
4.3502028
4.3502028
4.3502028
4.3502028
4.3502028
4.3502028
4.3502028
4.3502028
4.3502028
4.3502028
4.3502028
4.3502028
4.3502028
4.3502028
4.3502028
4.3502028
4.3502028
4.3502028
4.3502028
4.3502028
4.3502028
4.3502028
4.3502028
4.3502028
4.3502028
4.3502028
5.0886849
5.0886849
5.0886849
5.0886849
5.0886849
5.0886849
5.0886849
5.0886849
5.0886849
5.0886849
5.0886849
5.0886849
5.0886849
5.0886849
5.0886849
5.0886849
5.0886849
5.0886849
5.0886849
5.0886849
5.0886849
5.0886849
5.0886849
5.0886849
5.0886849
5.0886849
5.0886849
5.0886849
5.0886849
5.0886849
5.0886849
5.0886849
5.0886849
5.0886849
5.0886849
5.0886849
5.0886849
5.0886849
5.0886849
5.0886849
5.0886849
5.0886849
5.0886849
5.0886849
5.0886849
5.0886849
5.0886849
5.0886849
5.0886849
5.0886849
5.9741165
5.9741165
5.9741165
5.9741165
5.9741165
5.9741165
5.9741165
5.9741165
5.9741165
5.9741165
5.9741165
5.9741165
5.9741165
5.9741165
5.9741165
5.9741165
5.9741165
5.9741165
5.9741165
5.9741165
5.9741165
5.9741165
5.9741165
5.9741165
5.9741165
5.9741165
5.9741165
5.9741165
5.9741165
5.9741165
5.9741165
5.9741165
5.9741165
5.9741165
5.9741165
5.9741165
5.9741165
5.9741165
5.9741165
5.9741165
5.9741165
5.9741165
5.9741165
5.9741165
5.9741165
5.9741165
5.9741165
5.9741165
5.9741165
5.9741165
5.9741764
5.9741764
5.9741764
5.9741764
5.9741764
5.9741764
5.9741764
5.9741764
5.9741764
5.9741764
5.9741764
5.9741764
5.9741764
5.9741764
5.9741764
5.9741764
5.9741764
5.9741764
5.9741764
5.9741764
5.9741764
5.9741764
5.9741764
5.9741764
5.9741764
5.9741764
5.9741764
5.9741764
5.9741764
5.9741764
5.9741764
5.9741764
5.9741764
5.9741764
5.9741764
5.9741764
5.9741764
5.9741764
5.9741764
5.9741764
5.9741764
5.9741764
5.9741764
5.9741764
5.9741764
5.9741764
5.9741764
5.9741764
5.9741764
5.9741764
5.0887778
5.0887778
5.0887778
5.0887778
5.0887778
5.0887778
5.0887778
5.0887778
5.0887778
5.0887778
5.0887778
5.0887778
5.0887778
5.0887778
5.0887778
5.0887778
5.0887778
5.0887778
5.0887778
5.0887778
5.0887778
5.0887778
5.0887778
5.0887778
5.0887778
5.0887778
5.0887778
5.0887778
5.0887778
5.0887778
5.0887778
5.0887778
5.0887778
5.0887778
5.0887778
5.0887778
5.0887778
5.0887778
5.0887778
5.0887778
5.0887778
5.0887778
5.0887778
5.0887778
5.0887778
5.0887778
5.0887778
5.0887778
5.0887778
5.0887778
4.3502058
4.3502058
4.3502058
4.3502058
4.3502058
4.3502058
4.3502058
4.3502058
4.3502058
4.3502058
4.3502058
4.3502058
4.3502058
4.3502058
4.3502058
4.3502058
4.3502058
4.3502058
4.3502058
4.3502058
4.3502058
4.3502058
4.3502058
4.3502058
4.3502058
4.3502058
4.3502058
4.3502058
4.3502058
4.3502058
4.3502058
4.3502058
4.3502058
4.3502058
4.3502058
4.3502058
4.3502058
4.3502058
4.3502058
4.3502058
4.3502058
4.3502058
4.3502058
4.3502058
4.3502058
4.3502058
4.3502058
4.3502058
4.3502058
4.3502058
3.9094202
3.9094202
3.9094202
3.9094202
3.9094202
3.9094202
3.9094202
3.9094202
3.9094202
3.9094202
3.9094202
3.9094202
3.9094202
3.9094202
3.9094202
3.9094202
3.9094202
3.9094202
3.9094202
3.9094202
3.9094202
3.9094202
3.9094202
3.9094202
3.9094202
3.9094202
3.9094202
3.9094202
3.9094202
3.9094202
3.9094202
3.9094202
3.9094202
3.9094202
3.9094202
3.9094202
3.9094202
3.9094202
3.9094202
3.9094202
3.9094202
3.9094202
3.9094202
3.9094202
3.9094202
3.9094202
3.9094202
3.9094202
3.9094202
3.9094202
3.909419
3.909419
3.909419
3.909419
3.909419
3.909419
3.909419
3.909419
3.909419
3.909419
3.909419
3.909419
3.909419
3.909419
3.909419
3.909419
3.909419
3.909419
3.909419
3.909419
3.909419
3.909419
3.909419
3.909419
3.909419
3.909419
3.909419
3.909419
3.909419
3.909419
3.909419
3.909419
3.909419
3.909419
3.909419
3.909419
3.909419
3.909419
3.909419
3.909419
3.909419
3.909419
3.909419
3.909419
3.909419
3.909419
3.909419
3.909419
3.909419
3.909419
4.3502028
4.3502028
4.3502028
4.3502028
4.3502028
4.3502028
4.3502028
4.3502028
4.3502028
4.3502028
4.3502028
4.3502028
4.3502028
4.3502028
4.3502028
4.3502028
4.3502028
4.3502028
4.3502028
4.3502028
4.3502028
4.3502028
4.3502028
4.3502028
4.3502028
4.3502028
4.3502028
4.3502028
4.3502028
4.3502028
4.3502028
4.3502028
4.3502028
4.3502028
4.3502028
4.3502028
4.3502028
4.3502028
4.3502028
4.3502028
4.3502028
4.3502028
4.3502028
4.3502028
4.3502028
4.3502028
4.3502028
4.3502028
4.3502028
4.3502028
5.0886849
5.0886849
5.0886849
5.0886849
5.0886849
5.0886849
5.0886849
5.0886849
5.0886849
5.0886849
5.0886849
5.0886849
5.0886849
5.0886849
5.0886849
5.0886849
5.0886849
5.0886849
5.0886849
5.0886849
5.0886849
5.0886849
5.0886849
5.0886849
5.0886849
5.0886849
5.0886849
5.0886849
5.0886849
5.0886849
5.0886849
5.0886849
5.0886849
5.0886849
5.0886849
5.0886849
5.0886849
5.0886849
5.0886849
5.0886849
5.0886849
5.0886849
5.0886849
5.0886849
5.0886849
5.0886849
5.0886849
5.0886849
5.0886849
5.0886849
5.9741165
5.9741165
5.9741165
5.9741165
5.9741165
5.9741165
5.9741165
5.9741165
5.9741165
5.9741165
5.9741165
5.9741165
5.9741165
5.9741165
5.9741165
5.9741165
5.9741165
5.9741165
5.9741165
5.9741165
5.9741165
5.9741165
5.9741165
5.9741165
5.9741165
5.9741165
5.9741165
5.9741165
5.9741165
5.9741165
5.9741165
5.9741165
5.9741165
5.9741165
5.9741165
5.9741165
5.9741165
5.9741165
5.9741165
5.9741165
5.9741165
5.9741165
5.9741165
5.9741165
5.9741165
5.9741165
5.9741165
5.9741165
5.9741165
5.9741165
5.9741764
5.9741764
5.9741764
5.9741764
5.9741764
5.9741764
5.9741764
5.9741764
5.9741764
5.9741764
5.9741764
5.9741764
5.9741764
5.9741764
5.9741764
5.9741764
5.9741764
5.9741764
5.9741764
5.9741764
5.9741764
5.9741764
5.9741764
5.9741764
5.9741764
5.9741764
5.9741764
5.9741764
5.9741764
5.9741764
5.9741764
5.9741764
5.9741764
5.9741764
5.9741764
5.9741764
5.9741764
5.9741764
5.9741764
5.9741764
5.9741764
5.9741764
5.9741764
5.9741764
5.9741764
5.9741764
5.9741764
5.9741764
5.9741764
5.9741764
5.0887778
5.0887778
5.0887778
5.0887778
5.0887778
5.0887778
5.0887778
5.0887778
5.0887778
5.0887778
5.0887778
5.0887778
5.0887778
5.0887778
5.0887778
5.0887778
5.0887778
5.0887778
5.0887778
5.0887778
5.0887778
5.0887778
5.0887778
5.0887778
5.0887778
5.0887778
5.0887778
5.0887778
5.0887778
5.0887778
5.0887778
5.0887778
5.0887778
5.0887778
5.0887778
5.0887778
5.0887778
5.0887778
5.0887778
5.0887778
5.0887778
5.0887778
5.0887778
5.0887778
5.0887778
5.0887778
5.0887778
5.0887778
5.0887778
5.0887778
4.3502028
4.3502028
4.3502028
4.3502028
4.3502028
4.3502028
4.3502028
4.3502028
4.3502028
4.3502028
4.3502028
4.3502028
4.3502028
4.3502028
4.3502028
4.3502028
4.3502028
4.3502028
4.3502028
4.3502028
4.3502028
4.3502028
4.3502028
4.3502028
4.3502028
4.3502028
4.3502028
4.3502028
4.3502028
4.3502028
4.3502028
4.3502028
4.3502028
4.3502028
4.3502028
4.3502028
4.3502028
4.3502028
4.3502028
4.3502028
4.3502028
4.3502028
4.3502028
4.3502028
4.3502028
4.3502028
4.3502028
4.3502028
4.3502028
4.3502028
3.909419
3.909419
3.909419
3.909419
3.909419
3.909419
3.909419
3.909419
3.909419
3.909419
3.909419
3.909419
3.909419
3.909419
3.909419
3.909419
3.909419
3.909419
3.909419
3.909419
3.909419
3.909419
3.909419
3.909419
3.909419
3.909419
3.909419
3.909419
3.909419
3.909419
3.909419
3.909419
3.909419
3.909419
3.909419
3.909419
3.909419
3.909419
3.909419
3.909419
3.909419
3.909419
3.909419
3.909419
3.909419
3.909419
3.909419
3.909419
3.909419
3.909419
3.909419
3.909419
3.909419
3.909419
3.909419
3.909419
3.909419
3.909419
3.909419
3.909419
3.909419
3.909419
3.909419
3.909419
3.909419
3.909419
3.909419
3.909419
3.909419
3.909419
3.909419
3.909419
3.909419
3.909419
3.909419
3.909419
3.909419
3.909419
3.909419
3.909419
3.909419
3.909419
3.909419
3.909419
3.909419
3.909419
3.909419
3.909419
3.909419
3.909419
3.909419
3.909419
3.909419
3.909419
3.909419
3.909419
3.909419
3.909419
3.909419
3.909419
4.3502028
4.3502028
4.3502028
4.3502028
4.3502028
4.3502028
4.3502028
4.3502028
4.3502028
4.3502028
4.3502028
4.3502028
4.3502028
4.3502028
4.3502028
4.3502028
4.3502028
4.3502028
4.3502028
4.3502028
4.3502028
4.3502028
4.3502028
4.3502028
4.3502028
4.3502028
4.3502028
4.3502028
4.3502028
4.3502028
4.3502028
4.3502028
4.3502028
4.3502028
4.3502028
4.3502028
4.3502028
4.3502028
4.3502028
4.3502028
4.3502028
4.3502028
4.3502028
4.3502028
4.3502028
4.3502028
4.3502028
4.3502028
4.3502028
4.3502028
5.0886849
5.0886849
5.0886849
5.0886849
5.0886849
5.0886849
5.0886849
5.0886849
5.0886849
5.0886849
5.0886849
5.0886849
5.0886849
5.0886849
5.0886849
5.0886849
5.0886849
5.0886849
5.0886849
5.0886849
5.0886849
5.0886849
5.0886849
5.0886849
5.0886849
5.0886849
5.0886849
5.0886849
5.0886849
5.0886849
5.0886849
5.0886849
5.0886849
5.0886849
5.0886849
5.0886849
5.0886849
5.0886849
5.0886849
5.0886849
5.0886849
5.0886849
5.0886849
5.0886849
5.0886849
5.0886849
5.0886849
5.0886849
5.0886849
5.0886849
5.9741165
5.9741165
5.9741165
5.9741165
5.9741165
5.9741165
5.9741165
5.9741165
5.9741165
5.9741165
5.9741165
5.9741165
5.9741165
5.9741165
5.9741165
5.9741165
5.9741165
5.9741165
5.9741165
5.9741165
5.9741165
5.9741165
5.9741165
5.9741165
5.9741165
5.9741165
5.9741165
5.9741165
5.9741165
5.9741165
5.9741165
5.9741165
5.9741165
5.9741165
5.9741165
5.9741165
5.9741165
5.9741165
5.9741165
5.9741165
5.9741165
5.9741165
5.9741165
5.9741165
5.9741165
5.9741165
5.9741165
5.9741165
5.9741165
5.9741165
)
;
    }
}


// ************************************************************************* //
